0,0,0,0,0,0,0,0,0,0,0,0,0,0,0,0,0
0,0,0,0,0,0,0,0,0,0,0,0,0,0,0,0,0
0,0,0,0,0,0,0,0,0,0,0,0,0,0,0,0,0
0,0,0,0,0,0,0,0,0,0,0,0,0,0,0,0,0
0,0,0,0,0,0,0,0,0,0,0,0,0,0,0,0,0
0,0,0,0,0,0,0,0,0,0,0,0,0,0,0,0,0
0,0,0,0,0,0,0,0,0,0,0,0,0,0,0,0,0
0,0,0,0,0,0,0,0,0,0,0,0,0,0,0,0,0
0,0,0,0,0,0,0,0,0,0,0,0,0,0,0,0,0
0,0,0,0,0,0,0,0,0,0,0,0,0,0,0,0,0
0,0,0,0,0,0,0,0,0,0,0,0,0,0,0,0,0
0,0,0,0,0,0,0,0,0,0,0,0,0,0,0,0,0
0,0,0,0,0,0,0,0,0,0,0,0,0,0,0,0,0
0,0,0,0,0,0,0,0,0,0,0,0,0,0,0,0,0
0,0,0,0,0,0,0,0,0,0,0,0,0,0,0,0,0
0,0,0,0,0,0,0,0,0,0,0,0,0,0,0,0,0
0,0,0,0,0,0,0,0,0,0,0,0,0,0,0,0,0
0,0,0,0,0,0,0,0,0,0,0,0,0,0,0,0,0
0,0,0,0,0,0,0,0,0,0,0,0,0,0,0,0,0
0,0,0,0,0,0,0,0,0,0,0,0,0,0,0,0,0
0,0,0,0,0,0,0,0,0,0,0,0,0,0,0,0,0
0,0,0,0,0,0,0,0,0,0,0,0,0,0,0,0,0
0,0,0,0,0,0,0,0,0,0,0,0,0,0,0,0,0
0,0,0,0,0,0,0,0,0,0,0,0,0,0,0,0,0
0,0,0,0,0,0,0,0,0,0,0,0,0,0,0,0,0
0,0,0,0,0,0,0,0,0,0,0,0,0,0,0,0,0
0,0,0,0,0,0,0,0,0,0,0,0,0,0,0,0,0
0,0,0,0,0,0,0,0,0,0,0,0,0,0,0,0,0
0,0,0,0,0,0,0,0,0,0,0,0,0,0,0,0,0
0,0,0,0,0,0,0,0,0,0,0,0,0,0,0,0,0
0,0,0,0,0,0,0,0,0,0,0,0,0,0,0,0,0
0,0,0,0,0,0,0,0,0,0,0,0,0,0,0,0,0
0,0,0,0,0,0,0,0,0,0,0,0,0,0,0,0,0
0,0,0,0,0,0,0,0,0,0,0,0,0,0,0,0,0
0,0,0,0,0,0,0,0,0,0,0,0,0,0,0,0,0
0,0,0,0,0,0,0,0,0,0,0,0,0,0,0,0,0
0,0,0,0,0,0,0,0,0,0,0,0,0,0,0,0,0
0,0,0,0,0,0,0,0,0,0,0,0,0,0,0,0,0
0,0,0,0,0,0,0,0,0,0,0,0,0,0,0,0,0
0,0,0,0,0,0,0,0,0,0,0,0,0,0,0,0,0
0,0,0,0,0,0,0,0,0,0,0,0,0,0,0,0,0
0,0,0,0,0,0,0,0,0,0,0,0,0,0,0,0,0
0,0,0,0,0,0,0,0,0,0,0,0,0,0,0,0,0
0,0,0,0,0,0,0,0,0,0,0,0,0,0,0,0,0
0,0,0,0,0,0,0,0,0,0,0,0,0,0,0,0,0
0,0,0,0,0,0,0,0,0,0,0,0,0,0,0,0,0
0,0,0,0,0,0,0,0,0,0,0,0,0,0,0,0,0
0,0,0,0,0,0,0,0,0,0,0,0,0,0,0,0,0
0,0,0,0,0,0,0,0,0,0,0,0,0,0,0,0,0
0,0,0,0,0,0,0,0,0,0,0,0,0,0,0,0,0
0,0,0,0,0,0,0,0,0,0,0,0,0,0,0,0,0
0,0,0,0,0,0,0,0,0,0,0,0,0,0,0,0,0
0,0,0,0,0,0,0,0,0,0,0,0,0,0,0,0,0
0,0,0,0,0,0,0,0,0,0,0,0,0,0,0,0,0
0,0,0,0,0,0,0,0,0,0,0,0,0,0,0,0,0
0,0,0,0,0,0,0,0,0,0,0,0,0,0,0,0,0
0,0,0,0,0,0,0,0,0,0,0,0,0,0,0,0,0
0,0,0,0,0,0,0,0,0,0,0,0,0,0,0,0,0
0,0,0,0,0,0,0,0,0,0,0,0,0,0,0,0,0
0,0,0,0,0,0,0,0,0,0,0,0,0,0,0,0,0
0,0,0,0,0,0,0,0,0,0,0,0,0,0,0,0,0
0,0,0,0,0,0,0,0,0,0,0,0,0,0,0,0,0
0,0,0,0,0,0,0,0,0,0,0,0,0,0,0,0,0
0,0,0,0,0,0,0,0,0,0,0,0,0,0,0,0,0
0,0,0,0,0,0,0,0,0,0,0,0,0,0,0,0,0
0,0,0,0,0,0,0,0,0,0,0,0,0,0,0,0,0
0,0,0,0,0,0,0,0,0,0,0,0,0,0,0,0,0
0,0,0,0,0,0,0,0,0,0,0,0,0,0,0,0,0
0,0,0,0,0,0,0,0,0,0,0,0,0,0,0,0,0
0,0,0,0,0,0,0,0,0,0,0,0,0,0,0,0,0
0,0,0,0,0,0,0,0,0,0,0,0,0,0,0,0,0
0,0,0,0,0,0,0,0,0,0,0,0,0,0,0,0,0
0,0,0,2.17516648644164e-10,0,0,0,0,0,0,0,0,0,0,0,0,0
8.7088865499091e-11,0,0,4.16130488207737e-08,4.06834899722247e-10,0,0,0,0,0,4.01935072099449e-10,0,0,0,0,0,0
1.62350397683221e-08,0,0,8.35601003718178e-07,7.78315399574292e-08,0,0,0,0,2.15364201229952e-10,7.68940721504881e-08,0,0,0,5.79971286909934e-10,0,0
3.10432177145164e-07,0,0,6.92639182438867e-06,1.5615145358438e-06,0,0,0,0,4.1330895082384e-08,1.54215322426021e-06,0,0,0,1.08910564044611e-07,0,0
2.41011029536485e-06,0,0,3.48504201285338e-05,1.29323285153769e-05,3.27065720951986e-09,0,0,0,9.79924549883148e-07,1.27673449058544e-05,0,0,0,2.18068018704051e-06,0,0
1.13576104385451e-05,0,1.38208947592796e-09,0.000126476758534983,6.50129839775806e-05,5.75721952224408e-07,0,0,0,9.98245871346226e-06,6.41603239294014e-05,0,0,0,1.81864481630067e-05,0,0
3.88239127271077e-05,0,2.43896432647111e-07,0.000364168527155767,0.000235735245909914,1.08568267375067e-05,2.42897639196236e-09,2.71192113775991e-09,2.55370653644897e-09,5.8819268189298e-05,0.000232559655905894,7.33772192074572e-10,1.16987574897818e-10,1.91887778039679e-09,9.19508207511148e-05,8.8065888601067e-10,1.72786266056659e-09
0.000105988355186812,1.54346700009324e-11,4.41624928340018e-06,0.00088241721091364,0.000678167866243467,8.50845359183344e-05,4.31109629136433e-07,4.80886017095161e-07,4.52860245643494e-07,0.000238282318266409,0.000668792363896755,1.33616763515987e-07,2.13471378391378e-08,3.3998802459099e-07,0.000334032486650372,1.59247775679304e-07,3.06703449090919e-07
0.00024496328932367,2.78154459573104e-09,3.25495689527034e-05,0.00187117522063218,0.00164183373931476,0.000405212614754183,8.35183330187589e-06,9.21891287357272e-06,8.69403845959481e-06,0.000740039292553746,0.00161855782352911,3.210433244559e-06,5.36687732352863e-07,6.68172681452383e-06,0.00095916606546895,3.62512520611034e-06,6.1368465942054e-06
0.000497993488464646,6.3654175945546e-08,0.000145809815195744,0.403070782243652,0.350759816935346,0.00139123801767713,6.81866667467093e-05,7.41909012838328e-05,7.0082498039125e-05,0.00188938607669798,0.391880891348428,3.29514755187125e-05,5.75167088569888e-06,5.55291216585035e-05,0.245479668760288,3.54888753690112e-05,5.21526443650361e-05
0.000914358083785054,6.26816598926868e-07,0.000474181661798166,0.508544605940078,0.476171822533673,0.634355095069564,0.000336489812573868,0.000361614460172326,0.000342119079551829,0.356997220043683,0.523157488896941,0.000190358957674368,3.45361500789878e-05,0.000278351547620125,0.37209933717565,0.000200150553144331,0.000266354557579466
0.00154552707276137,3.58052160996477e-06,0.00123231389659685,0.618876099283333,0.614107953923344,0.80290791303397,0.00118634766200379,0.00126285335640163,0.00119643539871462,0.507332601857592,0.66470709316594,0.00074394950606032,0.000139940135746166,0.000994149769796881,0.523293770697814,0.000774282867276403,0.000965168671927948
0.00243949297025274,1.40931284932519e-05,0.00271286291532748,0.73080208125752,0.758833938422807,0.959154464128499,0.51944929983308,0.519751298456169,0.517456655525803,0.67505016014048,0.810568895721299,0.99968506233362,0.906705203566236,0.761338986167542,0.691230417124067,0.752312174772592,0.715805057188288
0.232689316668892,4.25944820310873e-05,0.548244931882628,0.841482757512213,0.904740022121974,1.09811044881264,0.767673146819363,0.76541990944765,0.755186586656356,0.850306890788275,0.955270298509432,1.13677522066269,1.06898459121711,0.957035129152663,0.866327298963169,0.950419438088593,0.913415754200989
0.28587786109018,0.000105959795633298,0.690874407468199,0.948657213177625,1.04703950014277,1.21938380356262,1.01889756427579,1.01395167139356,0.997045658058111,1.02346395454577,1.09443117026613,1.26608209936451,1.22482002096767,1.13266895788878,1.03920480343274,1.12788427414222,1.09415071253788
0.341712728634916,0.000227214653870656,0.830372079545506,1.05068704211758,1.18217533447698,1.32547827415217,1.24263996779864,1.23582569514386,1.2166091251731,1.18678920192413,1.22504137939202,1.38866874089978,1.37285511116109,1.28266074558965,1.20230054116135,1.2790248624082,1.25086945051374
0.398862728743634,0.925499421760686,0.960961733157074,1.14651518428402,1.30792303009796,1.42002601617238,1.42241823418935,1.41505878315302,1.39867474176428,1.33535637277128,1.34544190898714,1.50576650085965,1.51239559331365,1.40749493776304,1.35073484988438,1.40441763076292,1.38276862209503
0.456061859122012,1.02214916041599,1.07910894559951,1.23557306484587,1.42325527530218,1.50644611469216,1.55766373583544,1.55099299441658,1.5410110294507,1.46708346539737,1.45510171229034,1.61849688997368,1.64318785367368,1.51127518528289,1.48236710052617,1.50832170743794,1.49317397494756
0.512175704947598,1.11251858314009,1.18332728976078,1.31766638744031,1.52806869319332,1.5871517790793,1.65807535031387,1.65290768513582,1.65038634729451,1.58215524800482,1.55429868130678,1.72768276402989,1.76525121529467,1.59940727048354,1.5972648697126,1.59629508267556,1.58718944556246
0.566241978880134,1.19632001063335,1.27366720782315,1.39286238070275,1.62286922171997,1.66325006352591,1.73621174711119,1.7329316325038,1.73690619373737,1.68218618309323,1.64379536159448,1.83374880200516,1.87875441829182,1.67700690232208,1.69691638824664,1.67357946846215,1.66994923367596
0.617487697727102,1.27343897389078,1.35113090974643,1.46139247540946,1.70848592801952,1.73461423993318,1.80256731952543,1.80127959899275,1.80982075026264,1.76942302477245,1.72456688556058,1.93670304101907,1.98392981608944,1.74809059174386,1.78346887124426,1.74428802459651,1.74564571515388
0.665327791034517,1.34388602805407,1.4171704741418,1.52357663730021,1.78585029208797,1.80018939180897,1.86390163399726,1.8645827004064,1.87568381350409,1.84615267279126,1.79760559369582,2.03618267328458,2.08101915387042,1.81534993167832,1.85915346339047,1.81118219594122,1.81718551848563
0.709350734235502,1.4077607260654,1.47333345951418,1.57976996436675,1.85585051523748,1.85839865708854,1.92360595052485,1.92619192905465,1.93823152305291,1.91435468599892,1.86380248146257,2.13154250018273,2.17024450528174,1.88026523018029,1.92593941207375,1.87578855980154,1.88623674811081
0.749296497803358,1.4652249929934,1.5210550997651,1.63032879937234,1.91925279213806,1.9075441376187,1.98275438284831,1.98717337754154,1.99903473535696,1.97555969549557,1.92389196587155,2.22196403578258,2.25179786717727,1.94336820099176,1.98538486674339,1.93866467385302,1.95346452491987
0.785031170228975,1.51648369674342,1.56156441436539,1.67559210884459,1.97667336555567,1.94613221229081,2.04108856832345,2.04726752899312,2.05828231260042,2.03084614332475,1.97844164323678,2.30656627409641,2.32584330213929,2.00453596069773,2.03862233349342,1.99969651525788,2.01882147628876
0.816521445073893,1.56177063385964,1.59586447254565,1.71587366119181,2.02858387069273,1.97308747811521,2.09769926165045,2.10558082279262,2.11541911844572,2.08091114234623,2.02786951501633,2.38450407723526,2.39252633317268,2.06325607425965,2.08641826720758,2.05836737990565,2.08182088688835
0.843811035557792,1.60133850328656,1.62475292892944,1.75146105518583,2.07533494600024,1.98784633208049,2.15141288906392,2.16101842677244,2.16958416037702,2.12616833506754,2.07247467055144,2.45504560686477,2.45198637326215,2.11883872055827,2.12926150018978,2.11397408427891,2.14176113365527
0.867000143656303,1.63545174837584,1.64885902116049,1.78261848993226,2.1171869828192,1.99033745002385,2.20097242209188,2.21253186447995,2.2198814645475,2.16684420417894,2.11247161264361,2.5176251958445,2.50436913391654,2.17057181741939,2.16745250819579,2.16578593063183,2.19789328967789
0.886228416388154,1.6643814132701,1.6686827063094,1.80959105706719,2.15434076395228,1.98086084380093,2.24511339048971,2.25924849852875,2.26553258797151,2.2030588556435,2.14802218677004,2.57187196898623,2.54983705261582,2.21782434112041,2.20117940811852,2.21315133481335,2.24953533364103
0.901661359579174,1.68840138400056,1.68462872173591,1.83260912550906,2.18696392073694,1.95986709278541,2.28261283801109,2.30052849856216,2.3059512945647,2.23488674403652,2.17926198985439,2.61761717559732,2.58857671124308,2.26010675205433,2.23057576549485,2.25556082685023,2.29614124981723
0.913479907590055,1.70778556715634,1.69703294518168,1.85189201564611,2.21521143509741,1.92760335789229,2.31235212198977,2.3359776554055,2.3407688444563,2.26239802455569,2.20632014672409,2.65488465891868,2.62080293873355,2.29709821320759,2.25576045979588,2.29267605305215,2.33733465880743
0.921872715877716,1.7228057016493,1.70618101749875,1.86765061409045,2.23923990285493,1.88349414271233,2.33340048970467,2.36543363411375,2.3698288779169,2.28568357081043,2.22933259166254,2.68386937469346,2.64675979460313,2.32864968072494,2.27686225751646,2.32433391286009,2.37291627528113
0.927030705062046,1.73372960574459,1.71232042021981,1.88008888124357,2.25921613233711,1.82480473559329,2.3451049313539,2.38893703237433,2.39316454439519,2.30486737759966,2.24844967214604,2.70490865572505,2.66671893660777,2.35477073099725,2.29403249545577,2.35053381720105,2.40285337837848
0.929143402935718,1.74081973739999,1.71566760672128,1.8894043825594,2.2753210639202,1.742784181124,2.34716449026181,2.40669491352055,2.41096642381701,2.32010989277845,2.2638391833667,2.71845026809482,2.68097602153403,2.37560656049853,2.30744917051279,2.37141465606379,2.42725807814037
0.928396677606972,1.74433199693368,1.7164117505511,1.89578806273665,2.28775011906634,1.60564545668589,2.33967019409841,2.41904208263891,2.42354704025574,2.33160528590989,2.27568599034108,2.72502044254684,2.68984581423587,2.39141016147339,2.3173152536652,2.38722663012639,2.44635971493453
0.924971513012809,1.74451473293795,1.71471643873704,1.89942350871503,2.2967110400823,1.10177129631212,2.32309895369002,2.42640365668918,2.43130582723186,2.33957503046836,2.28418930429924,2.72519415985148,2.69365662606386,2.40251335363563,2.32385346137725,2.39830176056745,2.46047537255564
0.91904353689043,1.74160793044284,1.71072034056077,1.90048593532404,2.30242014625566,1.26419265820014,2.29825392625215,2.42926117502925,2.43469697365737,2.34425957934703,2.2895585225534,2.71956913347502,2.69274460367551,2.40929920167867,2.32729915816538,2.40502571419496,2.46998129209757
0.910783065507567,1.73584256904976,1.70453759527066,1.89914109398169,2.30509776134693,1.24750594854631,2.26613259720592,2.42812349179255,2.434201509531,2.34590940237924,2.29200836114205,2.70874422944247,2.68744826935461,2.41217739877006,2.3278925836254,2.4078126024748,2.47528697724509
0.900355476827431,1.72744014161111,1.6962584167142,1.89554426206221,2.30496339376068,1.22402322955246,2.22763692007093,2.42350293270914,2.43030420002255,2.34477624283226,2.2917538338548,2.69330251702936,2.67810359330466,2.41156345141541,2.32587121068113,2.40708364123254,2.47681299068939
0.887921764001279,1.71661232363857,1.68595021728837,1.88983942637036,2.3022310918535,1.19948990325524,2.18272599144858,2.4158966504365,2.42347525351486,2.34110513279821,2.28900547404841,2.67379875388194,2.66503976903338,2.40786194858178,2.32146274547407,2.40324998242126,2.47497284632168
0.873639154767172,1.70356078179727,1.67365940478788,1.8821587333244,2.29710526117654,1.17571631715901,2.12685774998126,2.40577274047823,2.41415647248393,2.33512747333159,2.28396506329678,2.65075085843318,2.64857577149344,2.40145381470632,2.31487906196451,2.39669962816739,2.47015898149213
0.85766171047067,1.68847710775231,1.65941389575436,1.87262224343374,2.28977712058548,1.15348480385796,2.02805903810155,2.39356029398893,2.40275124977162,2.32705532025612,2.27682202480967,2.62463478621277,2.6290177065409,2.39268720374593,2.30631121252076,2.38778808181193,2.46273252041702
0.840140842014917,1.67154286194644,1.64322630892288,1.86133799938741,2.2804218892459,1.13314411040828,1.37917627564142,2.37964054537302,2.38961770485753,2.31707690719224,2.26775055828677,2.5958821778018,2.60665690912888,2.38187155993664,2.2959255562496,2.37683225046433,2.4530163841215
0.821225699949519,1.65292971091479,1.62509774449924,1.84840239549408,2.26919673392708,1.11481298827653,1.42188712799234,2.36433134626579,2.37506423780258,2.3053533710598,2.25690753351371,2.56488015919228,2.5817687143499,2.36927432207059,2.28386098736009,2.36410705953468,2.44129123534721
0.801063412769261,1.6327996415572,1.60502201336208,1.83390082072019,2.25623946207757,1.09847448918026,1.38599905218325,2.34785689326501,2.35934683032605,2.29201661097833,2.24443111896978,2.5319727281388,2.5546118069727,2.35511975672374,2.27022721560754,2.34984424585711,2.42779374270085
0.779799161762111,1.61130523631983,1.58299015102306,1.81790853727382,2.24166791726346,1.08402916027051,1.34918874349197,2.33030573775539,2.34266752645386,2.27716819940744,2.23044009530386,2.49746323506378,2.52542804821909,2.33958945092336,2.25510404036315,2.33423284059983,2.41271668492356
0.757576092701362,1.58858999433953,1.5589950322716,1.80049175061832,2.22558001604572,1.07132887014392,1.31396941513723,2.31159017937227,2.32517366534624,2.26087926616425,2.2150337882519,2.46161755094879,2.49444268006001,2.32282405949305,2.23854156096312,2.31742091886895,2.39621047573088
0.734535074481902,1.56478868510619,1.53303589319272,1.78170882405197,2.2080543560806,1.06019969522963,1.28122930161865,2.29141440499986,2.30695760393902,2.24319128454474,2.19829254831233,2.42466759815606,2.46186481451652,2.30492597412222,2.22056127188556,2.29951826670513,2.37838575858578
0.710814322549656,1.54002772293271,1.50512256774874,1.7616115907494,2.18915132145158,1.05045774895142,1.25136373267035,2.26923277382276,2.28805684409161,2.22411769837938,2.18027870264409,2.38681499735577,2.42788812605279,2.28596265110698,2.201157996503,2.28059968878629,2.35931678919447
0.686548910735168,1.51442555234548,1.47527925661164,1.74024671775284,2.16891461082643,1.04192005986977,1.22451758772815,2.24412063349833,2.26845465296465,2.20364633503494,2.16103790609186,2.34823465137886,2.39269167736818,2.2659703968383,2.18030261360441,2.26070874552099,2.33904538492324
0.661870198954468,1.48809303630466,1.4435476663735,1.71765707929439,2.14737311536135,1.03441182141139,1.20067963902111,2.21431139679651,2.24808141831438,2.18174254911924,2.14060082136826,2.30907814348128,2.35644082143515,2.24495846114681,2.15794552402678,2.2398617628704,2.31758527093796
0.636905206290324,1.4611338408513,1.40998938695942,1.69388310061564,2.12454307523067,1.02777094107762,1.17973505332669,2.17548889342382,2.22681709211435,2.15835303342378,2.11898506209139,2.2694768731307,2.31928813459634,2.22291332723465,2.13402078962152,2.21805200071112,2.29492669109374
0.611775959364716,1.43364481130177,1.37468741253268,1.66896403782997,2.10043044558255,1.02185058647514,1.16150101581691,2.11334617957096,2.20449512665411,2.13341021741946,2.0961973358682,2.22954488777681,2.28137434637415,2.1998031133437,2.10845085401379,2.1952538958992,2.27104117759374
0.586598844852712,1.40571633644036,1.33774675415272,1.64293916412582,2.07503340432245,1.0165202702502,1.14575310941263,1.95431605262156,2.18090828165982,2.10683715078623,2.07223572756389,2.18938139537716,2.24282924106545,2.17558201685006,2.08115172624555,2.17142731555279,2.2458863885998
0.561483992701553,1.37743269828684,1.29929413806385,1.61584883757988,2.0483449354248,1.01166589953002,1.13224534116074,1.50437175685122,2.15581657248673,2.07855274260074,2.04709206522923,2.14907296114971,2.20377251408963,2.15019473820336,2.05203847764042,2.14652176628797,2.21941092956639
0.536534713366969,1.34887240594234,1.25947682859141,1.58773543091796,2.02035542270054,1.00718912240826,1.12072522311129,1.50120201009618,2.12895744391672,2.04847719939126,2.02075431301108,2.10869540455438,2.16431457245941,2.1235808225407,2.02103087305493,2.12048050848126,2.19155907480679
0.511847008435831,1.32010851275556,1.21846065607317,1.55864410863201,1.99105519046991,1.00300622763127,1.11094481304291,1.47592159538676,2.10005801130405,2.01653748118321,1.99320893703177,2.0683154202146,2.1245572737651,2.09567885352598,1.9880589342717,2.09324452350102,2.16227530354154
0.487509169643287,1.29120891662398,1.17642736529986,1.52862344185133,1.96043692981681,0.999046790711235,1.10266843292923,1.4464343220809,2.06884894283151,1.98267257769789,1.96444319204969,2.02799195055932,2.08459460186405,2.06643042952069,1.95306821948432,2.06475627858614,2.13150856211181
0.46360147677155,1.26223664367082,1.1335714264643,1.49772585619191,1.92849795242394,0.995252208299007,1.09567769255381,1.41541300528395,2.03507930323876,1.94683840022463,1.93444727907794,1.98777733939668,2.04451328022956,2.03578384878487,1.91602460157548,2.03496323073864,2.09921616344432
0.440196000467383,1.23325011584334,1.09009646733665,1.46600791239138,1.89524221870933,0.991574221336056,1.08977437899704,1.38412420202324,1.99853148111365,1.90901209051217,1.9032163273671,1.94771829523192,2.00439332581976,2.00369742977036,1.87691834084653,2.00382100933531,2.06536723792244
0.417356511830892,1.20430340318195,1.04621149189268,1.43353042379742,1.86068209327971,0.987973494948618,1.08478170737954,1.35339665977308,1.95903521240808,1.86919556712332,1.87075215849548,1.90785669155342,1.96430854754742,1.97014239585737,1.83576727511157,1.97129621836876,2.02994565755079
0.395138496862583,1.17544646163375,1.00212704737798,1.40035841863805,1.82483978860541,0.984418297974911,1.08054436005152,1.32383090182235,1.91647971262363,1.82741816140944,1.83706479588089,1.86823022901481,1.92432699412089,1.93510526163582,1.79261899013365,1.93736880399329,1.99295236797902
0.373589270618251,1.14672535734642,0.958051489963171,1.36656095839118,1.78774846716216,0.980883306208287,1.07692767225499,1.29586488161587,1.87082304232903,1.78373823754642,1.80217368983057,1.82887298179409,1.8845113563159,1.89858966998092,1.74755188336715,1.90203394155007,1.95440708018621
0.352748183278479,1.11818247839344,0.914187480434535,1.33221082642788,1.74945298278916,0.977348539757797,1.07381625540389,1.26980276046852,1.82209804108416,1.73824374076628,1.76610863614921,1.78981584766315,1.84491932873874,1.86061764512413,1.70067508995832,1.86530340818081,1.91434929446964
0.332646908318387,1.08985673486353,0.870728817776601,1.29738410338207,1.71001025326592,0.973798435345128,1.07111228737228,1.24583383229969,1.77041444489826,1.69105167112762,1.72891037508252,1.75108691862139,1.80560393594237,1.82123024567108,1.65212729747889,1.82720642182695,1.87283865247929
0.313309801556274,1.06178374820503,0.827857692132758,1.26215964736988,1.66948926761898,0.970221047973335,1.06873364445554,1.2240493260529,1.71595711482232,1.64230653274193,1.6906308666482,1.71271178644109,1.76661382742963,1.7804876217925,1.6020745304377,1.78778994389289,1.82995463681893
0.294754319031925,1.03399603065939,0.785742411467773,1.22661849823508,1.62797074289889,0.966607372453117,1.06661200291994,1.20445900405871,1.65898061003073,1.59217785637178,1.65133324780187,1.67471379519895,1.72799354567532,1.73846850122381,1.55070703321818,1.74711846001731,1.78579566058862
0.276991481360039,1.00652315555211,0.744535630040924,1.19084322544419,1.58554645559314,0.962950773122954,1.06469099943675,1.1870075726471,1.59980060308505,1.54085693341433,1.61109148598113,1.63711425085409,1.68978377086224,1.69526914789968,1.49823541757598,1.70527327010789,1.74047760969506
0.260026372351319,0.979391919140366,0.704373082919326,1.15491723912665,1.54231828198739,0.959246509238959,1.06292450880108,1.17159036932019,1.53878283248437,1.48855292906696,1.56998975195991,1.59993259618164,1.65202154558428,1.6510018538261,1.4448862661683,1.66235133399458,1.69413191759329
0.243858660214566,0.95262649464689,0.665372810210892,1.11892408310007,1.49839698926684,0.955491343536354,1.06127507340032,1.15806774780134,1.47633040427015,1.43548856059636,1.52812154226092,1.56318655787128,1.61474048234155,1.60579303821795,1.39089739595476,1.61846373186188,1.64690326448851
0.228483130467062,0.926248579042542,0.627634838070299,1.08294672760284,1.4539008246856,0.951683222067851,1.05971250097905,1.14627772514686,1.4128702884177,1.38189553284561,1.48558858732229,1.52689227133298,1.57797095625217,1.55978103737969,1.33651298126552,1.57373380837756,1.59894700045791
0.0265564063296984,0.0298432793637634,0.591241271060145,1.04706687795023,1.40895395357196,0.947821014373907,1.05821263434663,1.13604664612038,1.3488398151922,1.32800991814865,1.44249958598716,1.4910643876924,1.54174028503904,1.51311367399387,1.28197796266297,1.52829507575871,1.55042639438171
0.0259082133765329,0.0298435210105402,0.556256742057231,1.01136431351939,1.36368479825683,0.943904304167718,1.05675628782563,1.12719779868635,1.28467387694942,1.27406765320548,1.39896880957004,1.45571616658137,1.5060728980225,1.46594569543823,1.22751919220632,1.48228895378387,1.50150980828671
0.0252755742896345,0.0298436371471743,0.522729161267749,0.97591626943793,1.31822432930504,0.939933221906233,1.05532833956253,1.11955805644809,1.22079340118579,1.22030030327688,1.35511461973906,1.42085955760825,1.47099049556099,1.4184361677922,1.17325085227955,1.43586242410135,1.45236789027683
0.0246581711717092,0.029843656359609,0.0926100676498464,0.940796871186763,1.27270435788926,0.935908311788153,1.05391696555269,1.11296272290786,1.15759543561183,1.16693121663909,1.31105794381336,1.3865052592002,1.4365121838443,1.37074585880224,1.1188636361349,1.3891656518186,1.40317082618374
0.0240556812647236,0.0298436008767241,0.0901015663482624,0.906076630110106,1.2272558740498,0.931830426820771,1.05251299972566,1.10725881136725,1.09543232703122,1.11417216198727,1.26692074896703,1.35265998344228,1.40265128477683,1.32302524402761,1.06292323902623,1.34234540578959,1.35407706376482
0.0234677795434876,0.0298434879437337,0.0876608964992832,0.887479042771031,1.18200747025686,0.927700646601075,1.05110940417492,1.10230701999561,1.03437322610536,1.06222051061266,1.22282455346802,1.31925810547731,1.36933352790823,1.27523051851248,1.00160564763318,1.29544456734614,1.30506185151699
0.0228937876304233,0.0298433309094275,0.0852862529078692,0.88382977580894,1.15670013898442,0.923520213349095,1.04970083418609,1.09798266220901,0.972741660264307,1.01125699560166,1.19811010736258,1.28552629021219,1.33563382388601,1.22587952267903,0.926441966735661,1.24754230634377,1.25472975806388
0.0223337607308123,0.0298431400841172,0.0829758712379059,0.880282833904429,1.1501152544658,0.919290482510265,1.04828328380688,1.09417579585505,0.90206621453897,0.967440201244051,1.19169918274841,1.2470832926266,1.29632518987608,1.16727680028208,0.841075724257182,1.1929502374136,1.19570126867129
0.0217874331863867,0.029842923414575,0.0807280288630358,0.876835347873764,1.14372064043858,0.915012884912079,1.04685379907644,1.09079076753832,0.792397448284423,0.960673313018662,1.18547567912939,1.18560626352294,1.22991473442093,1.06896201863942,0.72734592391543,1.10825098359909,1.09892624631696
0.0212544698840785,0.0298426870134498,0.0785410452278364,0.873484528984818,1.13751079902959,0.909899003964285,1.04541024752548,1.08774535610232,0.243982012139268,0.954098152789567,1.17943411732247,0.168173821554478,0.305242506288085,0.30938274861457,0.44840635901283,0.29682279693835,0.374386797983197
0.0207345439083419,0.0298424355733794,0.0764132131723639,0.870227666701216,1.13148039122694,0.903570878194623,1.04395113405694,1.08496966576041,1.24360906096018,0.9477092882778,1.17356917832649,0.602008196006619,0.645024145244731,1.34046769254923,1.22781866495263,1.33444489849633,1.39500936052585
0.0202273363406257,0.0298421726900442,0.0743430123488329,0.867062126489735,1.12562423228966,0.896653242522211,1.04242865285409,1.08239721603073,1.26626033559538,0.941501441118562,1.16787569863931,2.38807271323108,0.768182676965655,1.34264953106699,1.26107993387876,1.33377629117966,1.40427363056124
0.0197325360637517,0.0298418977439505,0.0723288977867196,0.863985347689184,1.11993728729008,0.888900439044211,1.04078267968071,1.07997322951259,1.27803402473192,0.935469482500333,1.16234866571185,2.47467854640271,0.871287210710932,1.34075277879338,1.2777922952992,1.32976496478104,1.40659779624542
0.019249839571077,0.0298415993236348,0.0703693499867154,0.860994841439037,1.11441466678498,2.30603289140354e-06,1.03909381621093,1.07766972608509,1.28517051767988,0.929608428927536,1.15698321353503,2.48837412779679,0.968563849609838,1.33659702892441,1.28789144358833,1.32401047438748,1.4053745241821
0.018778950780326,0.0298413009063034,0.0684628906160666,0.858088188666155,1.10905162261176,1.38501210499809e-06,1.0373557534962,1.07545316233344,1.28895013208679,0.923913438103265,1.15177461835574,2.49043599862036,1.06029607954304,1.33048433317829,1.29406766544422,1.31669280684018,1.40120416017851
0.0183195808519758,0.0298410024919562,0.0666080813932822,0.855263038127953,1.10384354380617,7.06517144471873e-07,1.0355606400419,1.07329621776748,1.28999640397491,0.918379804928666,1.14671829451804,2.48066248968686,1.14580971896334,1.32256196664022,1.2974889026332,1.30788313684209,1.39437378177293
0.0178714480120839,0.0298407040805931,0.0648035230030578,0.852517104510435,1.09878595263796,2.0888723152658e-07,1.03369841133067,1.07117679046156,1.28872644278366,0.913002957615669,1.14180979042592,2.45915702905475,1.22432716174413,1.31297328593681,1.29881230709019,1.29766822786901,1.3851184283793
0.0174342773794505,0.0298404056722141,0.0630478540405967,0.84984816657957,1.09387450076106,0,1.03175582202431,1.06907710570068,1.2854905188684,0.90777845390986,1.13704478462415,2.42669006672723,1.29523327602717,1.30190378385313,1.29848039501017,1.28618704388424,1.37370327912804
0.0170078007970087,0.0298401072668192,0.0613397499845313,0.847254065384491,1.08910496547503,0,1.02971497674331,1.06698293565251,1.28061983228702,0.902701977420368,1.1324190819936,2.38476882253077,1.35815321943554,1.28958982973263,1.29683021113312,1.27363599922045,1.36044559869465
0.0165917566673387,0.0298398088644084,0.0596779221976704,0.844732702511084,1.08447324609451,0,1.02755098142299,1.06488292350625,1.27443948624828,0.897769334053745,1.12792861005791,2.33551132938599,1.41315849411514,1.27631024442629,1.29413860953149,1.26025924195109,1.34571015377969
0.0161858897922061,0.0298395104649817,0.0580611169548185,0.842282038384543,1.07997536042362,0,1.02522796660057,1.06276800260663,1.26726668496239,0.892976448548876,1.12356941539804,2.28138911221174,1.45991900908666,1.26236980243411,1.29064204173816,1.24633165728916,1.32989209353958
0.0157899512160253,0.0298392120685389,0.0564881144969338,0.839900090619525,1.07560744133216,0,1.02269187550881,1.06063089942988,1.25940305071649,0.888319361110075,1.1193376601717,2.22491082429023,1.49890052992117,1.24808007790363,1.28654529512894,1.23213944544626,1.31339504798517
0.0154036980731523,0.0298389136750802,0.0549577281109108,0.837584932416559,1.07136573343084,0,1.01985619767873,1.05846570842104,1.25112565856289,0.883794224135573,1.11522961873447,2.16831643160942,1.53048094845332,1.23374116250012,1.28202535975582,1.2179615817674,1.2966093242315
0.0150268934389122,0.0298386152846053,0.0534688032342934,0.835334691003426,1.06724658984244,0,9.75593987874595e-07,1.05626752642079,1.24267925957248,0.879397299038699,1.11124167435976,2.11333364584181,1.55508861327372,1.21962643179533,1.27723329142569,1.20405426503537,1.27989321720455
0.0146593061842722,0.0298383168971144,0.0520202165842442,0.833147546120243,1.06324646906645,0,5.88246456634248e-07,1.05403213438037,1.2342708942043,0.875124953159124,1.10737031605467,2.06102297566423,1.57313772812337,1.2059714634106,1.2722954476445,1.19063945201677,1.26355903933316
0.0143007108340683,0.0298380185126074,0.0506108753101108,0.83102172854702,1.05936193193412,0,3.06790464709729e-07,1.05175571405193,1.22606727675557,0.870973656761626,1.10361213546882,2.01171300382571,1.58497592305091,1.19296738209564,1.2673147383539,1.1778977741013,1.24786439685283
0.0139508874287007,0.0298377201310842,0.0492397161689518,0.828955518672506,1.05558963865161,0,1.03536811921955e-07,1.04943458711147,1.21819480949201,0.866939980119886,1.09996382389372,1.96500786332097,1.59085374982829,1.18075832221856,1.26237214987633,1.16596555367958,1.23300847314832
0.0136096213892126,0.0298374217525449,0.0479057047233991,0.826947245103167,1.05192634592858,0,0,1.04706496346045,1.21074178401774,0.863020590682908,1.09642216934973,1.91983494304793,1.59091123899999,1.16944233935539,1.25752859663529,1.15493527667915,1.21913259537889
0.0132767033856686,0.0298371233769894,0.0466078345612518,0.824995283311167,1.04836890418966,0,0,1.04464268392756,1.20376219154167,0.859212250321725,1.09298405375824,1.87448920265472,1.58517012787577,1.15907493415619,1.25282705070955,1.14485870329067,1.20632411584275
0.0129519292087539,0.0298368250044176,0.0453451265362136,0.823098054320257,1.0449142548666,0,0,1.04216293977127,1.19728054461684,0.855511812654119,1.0896464501965,1.82661192957702,1.57352028483816,1.14967432782292,1.24829485249837,1.13575176860717,1.19462257927884
0.0126350996445135,0.0298365266348296,0.0441166280291996,0.821254023428514,1.04155942776858,0,0,1.03961994650869,1.19129716897105,0.851916220445132,1.08640642023274,1.77299168445871,1.55569165188288,1.14122770261872,1.24394609303666,1.12760049326593,1.18402721480847
0.0123260203521561,0.0298362282682253,0.0429214122296566,0.819461698966895,1.03830153852858,0,0,1.03700654139493,1.18579352119251,0.848422503081236,1.08326111133913,1.70890938564669,1.53120439333341,1.13369775122446,1.23978396529321,1.12036725010498,1.17450493521205
0.0120245017448468,0.0298359299046046,0.041758577436353,0.817719631092597,1.03513778612346,0,0,1.03431366012179,1.18073720057815,0.845027774116067,1.08020775438043,1.62608084236071,1.49928599908559,1.12702903228165,1.23580299881528,1.11399688318098,1.16599820513265
0.0117303588734163,0.0298356315439676,0.040627246377113,0.816026410616255,1.03206545046576,0,0,1.03152962492889,1.17608643367344,0.841729228885692,1.07724366117606,1.50435101221292,1.4587297888878,1.12115378227193,1.23199111332209,1.10842232623821,1.15843232309566
0.0114434113129142,0.0298353331863143,0.0395265655469799,0.814380667862025,1.02908189006504,0,0,1.02863913558405,1.17179390712282,0.838524142191446,1.07436622213337,1.22916941326452,1.40763199776791,1.11599697081891,1.22833144846964,1.103569503466,1.15172182995601
0.0111634830519379,0.0298350348316445,0.0384557045643102,0.812781071559628,1.02618453975685,0,0,1.02562178116063,1.16780990306379,0.835409866048427,1.0715729039502,2.12839717665983,1.34284227614961,1.11148049956109,1.22480394671931,1.09936140790337,1.14577589741656
0.0108904023846686,0.0298347364799583,0.0374138555443125,0.81122632776746,1.02337090849723,0,0,1.02244975175053,1.16408475003311,0.832383827497771,1.06886124738453,2.29093807019818,1.25862644087471,1.10752653130126,1.2213866828309,1.09572133930737,1.14050266025839
0.0106240018055483,0.0298344381312556,0.036400232489559,0.809715178825904,1.02063857722106,0,0,1.01908415243076,1.16057064238826,0.829443526480927,1.06622886508936,2.37744614496111,1.14258221764648,1.24301435549698,1.21805694650066,1.09257534453147,1.13581253523248
0.010364117906533,0.0298341397855364,0.0354140706970085,0.808246402339984,1.0179851967622,0,0,1.01546873095989,1.15722290520971,0.826586533774147,1.0636734395109,2.43206828336382,0.956369620446605,1.21684356610337,1.21479209409923,1.08985394248897,1.13162062141288
0.0101105912768597,0.0298338414428007,0.0344546261810952,0.806818810190551,1.01540848583375,0,0,1.01151845856287,1.15400079279293,0.823810488981512,1.06119272084817,2.4676543020905,1.3992827131978,1.19190369765455,1.21157019165721,1.0874932366775,1.1278483059006
0.0098632664052649,0.0298335431030484,0.0335211751124474,0.805431247573188,1.01290622906666,0,0,1.00709685388938,1.15086791045837,0.82111309858481,1.0587845250723,2.48992244640262,1.93139856892957,1.17123882970233,1.2083704746793,1.08543552532361,1.12442421022679
0.00962199158459532,0.0298332447662795,0.0326130132718116,0.804082592064072,1.01047627510509,0,0,5.80517582159683e-07,1.14779234449978,0.818492134048673,1.05644673200369,2.50204085710282,2.12973425396476,1.15431091087778,1.2051736515833,1.08362951649823,1.1212846115362
0.00938661881875194,0.029832946432494,0.0317294555187717,0.802771752712025,1.00811653475669,0,0,3.49024506011237e-07,1.14474657616842,0.815945429979405,1.05417728344537,2.50603563743996,2.25622515112453,1.14084489619293,1.20196207709252,1.08203024651363,1.11837346291848
0.00915700373191021,0.0298326481016919,0.030869835274862,0.801497669156025,1.0058249791964,0,0,1.80754691696362e-07,1.1417072446246,0.81347088233597,1.05197418137105,2.50333996783656,2.34717420289866,1.13089734188626,1.19871982024467,1.08059878731907,1.11564212259236
0.00893300547996115,0.0298323497738731,0.030033504020683,0.800259310767458,1.00359963822216,0,0,5.9198778395514e-08,1.13865481223035,0.81106644669167,1.04983548616593,2.49504203940533,2.41561273229108,1.12486051704282,1.1954326492327,1.07930181455796,1.11304888471283
0.00871448666411862,0.0298320514490376,0.0292198308066423,0.799055675816429,1.00143859856095,0,0,0,1.13557317439654,0.808730136545079,1.04775931491919,2.48200910756208,2.46784061634066,1.12338100584758,1.19208795239846,1.07811109391142,1.11055838728985
0.00850131324663998,0.0298317531271853,0.0284282017769495,0.79788579066144,0.999340002223862,0,0,0,1.13244924605078,0.80646002167883,1.04574383976615,2.46495484404186,2.50746057827074,1.12720159365692,1.18867461161529,1.07700293028794,1.10814095636171
0.00829335446860839,0.0298314548083163,0.0276580197065084,0.7967487089618,0.99730204490864,0,0,0,1.12927254798015,0.804254226564905,1.04378728627911,2.44447870219147,2.53678350333163,1.13695017606554,1.18518284120339,1.07595761287561,1.10577193092092
0.00809048276972631,0.0298311564924305,0.026908703550355,0.795643510912109,0.995322974448416,0,0,0,1.12603480893687,0.802110928815106,1.0418879319051,2.42109066255288,2.55742499592886,1.15287952114401,1.18160400254118,1.07495887929585,1.10343100052276
0.00789257371007098,0.0298308581795278,0.026179688005302,0.794569302498213,0.99340108930525,0,0,0,1.12272959344244,0.800028357675433,1.04004410444933,2.39522796990736,2.57059295874359,1.17442447994784,1.1779304017283,1.07399341411757,1.10110157710875
0.00769950589376397,0.0298305598696083,0.0254704230834605,0.793525214774018,0.991534737107208,0,0,0,1.11935196056129,0.798004792563116,1.03825418060302,2.36726727422943,2.57723903175135,1.19818457414813,1.17415507503699,1.07305039069983,1.098770214261
0.00751116089450789,0.0298302615626719,0.0247803736973141,0.79251040315859,0.989722313227704,0,0,0,1.11589815536561,0.796038561645105,1.0365165845142,2.3375339909096,2.57814370589685,1.43014218668249,1.17027156443051,1.07212106054543,1.09642608066255
0.00732742318294458,0.0298299632587186,0.0241090192560361,0.79152404675295,0.987962259405899,0,0,0,1.11236533218362,0.794128040456824,1.03482978640035,2.30630986837101,2.57396667151345,1.72400562241994,1.16627368306465,1.07119839084013,1.09406048971196
0.00714818005579034,0.0298296649577483,0.0234558532727423,0.790565347676042,0.986253062406964,0,0,0,1.10875130681672,0.792271650560077,1.03319230120159,2.27383931283241,2.56527792943296,1.84107847113142,1.16215526831281,1.07027674839292,1.09166648374496
0.00697332156670461,0.0298293666597611,0.022820382982384,0.789633530419309,0.984593252721044,0,0,0,1.10505433353746,0.790467858238964,1.03160268727319,2.24033478510416,2.5525778149907,1.92403230406244,1.15790991731018,1.06935162655902,1.08923846887229
0.00680274045884974,0.0298290683647568,0.022202128969994,0.788727841219373,0.982981403299831,0,0,0,1.10127290166375,0.788715173232755,1.03005954511638,2.20598145834025,2.53631042850796,1.99416450011186,1.15353069707247,1.06841941071789,1.08677189479294
0.00663633209910042,0.0298287700727356,0.0216006248090036,0.787847547448298,0.981416128329633,0,0,0,1.09740554567844,0.787012147504663,1.02856151614622,2.17094125854589,2.51687304273432,2.05732841978232,1.14900981758149,1.06747717731931,1.08426297284769
0.00647399441386265,0.0298284717836972,0.0210154167093584,0.78699193702096,0.979896082039895,0,0,0,1.09345066206613,0.785357374045503,1.02710728149548,2.13535637420114,2.49462299764159,2.11525484092131,1.14433825135534,1.06652252124912,1.08170842482707
0.00631562782646249,0.0298281734976418,0.0204460631751676,0.786160317819025,0.978419957546156,0,0,0,1.08940632510145,0.783749485711245,1.02569556085354,2.09935230268523,2.46988298699454,2.16828332134548,1.13950527617917,1.06555340617479,1.07910525444351
0.00616113519606653,0.0298278752145692,0.0198921346716283,0.785352017131084,0.976986485726433,0,0,0,1.08527009255188,0.782187154093504,1.02432511133916,2.06304049106848,2.44294528535937,2.21628016781846,1.13449790766281,1.06456803249499,1.07645053272471
0.00601042175809648,0.0298275769344795,0.0193532133009734,0.784566381108484,0.975594434130068,0,0,0,1.08103879040479,0.780669088422035,1.02299472640629,2.02652062282089,2.41407525152858,2.25900548090909,1.1293001731328,1.06356471743054,1.07374118767772
0.00586339506610131,0.0298272786573725,0.018828892487199,0.783802774236419,0.974242605918115,0,0,0,1.07670826294702,0.77919403449832,1.02170323478181,1.98988259771752,2.38351431588273,2.2962694830735,1.12389215469094,1.06254178154298,1.07097378715463
0.00571996493505129,0.0298269803832484,0.0183187766693332,0.78306057881985,0.972929838834335,0,0,0,1.07227307029494,0.777760773659373,1.02044949943432,1.95320824852031,2.35148258137261,2.3279944243057,1.11824869114664,1.06149743541544,1.06814430157643
0.00558004338601921,0.029826682112107,0.0178224810030145,0.782339194483842,0.971655004205927,0,0,0,1.06772610897131,0.776368121770901,1.0192324165731,1.91657283433867,2.31818112079451,2.35422982115284,1.11233756511416,1.06042965918806,1.06524782952068
0.0054435445922148,0.0298263838439484,0.0173396310701556,0.781638037687909,0.970417005973134,0,0,0,1.06305812099925,0.775014928248995,1.01805091467638,1.88004634669357,2.28379402489079,2.37514382534083,1.10611689220756,1.05933606581521,1.06227826332321
0.00531038482633923,0.0298260855787724,0.0168698625964731,0.780956541253978,0.969214779746888,0,0,0,1.05825704093038,0.773700075109539,1.01690395354789,1.84369466015553,2.24849023919555,2.39100294099366,1.09953123274234,1.05821373582407,1.05922786238854
0.00518048240922744,0.0298257873165792,0.0164128211766692,0.780294153907589,0.968047291893684,0,0,0,1.0533071041847,0.772422476044547,1.01579052340112,1.8075805549588,2.21242521789705,2.40214713906278,1.09250557578441,1.05705900617154,1.05608668641174
0.00505375765974678,0.0298254890573685,0.0159681620070598,0.779650339831959,0.966913538646898,0,0,0,1.04818759664068,0.771181072483653,1.01470964397031,1.77176463416537,2.17574241746582,2.4089645448998,1.0857288476969,1.05586718701563,1.05284181475247
0.00493013284592121,0.0298251908011405,0.0155355496254456,0.779024578234551,0.965812545243779,0,0,0,1.0428710504695,0.769974265822604,1.0136603636474,1.73630615267606,2.13857464963203,2.41186811480483,1.07727601155809,1.05463216500753,1.04947623337172
0.00480953213725113,0.029824892547895,0.0151146576580308,0.778416362925796,0.964743365087384,0,0,0,1.03732055665387,0.768788626474232,1.01264175864421,1.70126376953126,2.10104531140086,2.41127557512186,1.06792240790245,1.05334582449006,1.04596719038057
0.00469188155819951,0.0298245942976321,0.0147051685731985,0.777825201909624,0.963705078932727,0,0,0,1.03148561138426,0.767515752347257,1.01165293217919,1.66669622834486,2.06326950850765,2.40759314309451,1.05730046448699,1.05199716716965,1.04228367050211
0.00457710894281591,0.0298242960503516,0.0143067734419569,0.777250616985487,0.962696794096439,0,0,0,1.02529540924681,0.765660630298353,1.01069301368787,1.63266296320326,2.02535508763475,2.40120305979272,1.04462913551946,1.050570910845,1.03838234000198
0.00446514389047042,0.0298239978060537,0.0139191717048751,0.776692143361525,0.961717643689272,0,0,0,1.01864742099212,0.761744305599452,1.00976115805639,1.59922461881395,1.98740359159463,2.39245466621843,1.02785665251515,1.04904513795735,1.03420068069287
0.00435591772267047,0.0298236995647383,0.0135420709453336,0.776149329278595,0.960766785870775,0,0,0,1.01138659926208,0.752423516004794,1.00885654487749,1.56644346411755,1.94951115036862,2.38165859105425,0.998883425403925,1.04738708774411,1.02964457490791
0.00424936344093397,0.0298234013264052,0.0131751866689179,0.775621735644831,0.959843403125512,0,0,0,1.00326410969292,0.731259318845566,1.00797837772821,1.53438366824616,1.91176931925299,2.36908355221983,0.00233335091585979,1.04554498557966,1.02456387863185
0.00414541568569298,0.0298231030910546,0.0128182420887882,0.775108935680458,0.958946701560185,0,0,0,2.13153420303297e-07,0.686304103794554,1.00712588346871,1.50311139729272,1.87426587328649,2.3549552731075,0.37209933717565,3.26322279043563e-07,4.93197868475818e-07
0.00404401069620263,0.0298228048586863,0.012470967916865,0.774610514572558,0.958075910221072,0,0,0,1.28285168506146e-07,0.592422229848328,1.00629831156161,1.47269468111122,1.8370855644809,2.33945705371407,0.523293770697814,2.00996864257789e-07,3.01244351630005e-07
0.0039450862714308,0.0298225066293003,0.0121331021606706,0.774126069139525,0.957230280431192,0,0,0,6.65217323318212e-08,0.366277324540523,1.00549493341122,1.44320299329801,1.80031084498833,2.32273159831235,0.691230417124067,1.09377913011286e-07,1.60283437544793e-07
0.00384858173190449,0.0298222084028967,0.011804389925676,0.773655207504922,0.956409085146611,0,0,0,2.18455486471108e-08,1.05483588000618,1.00471504172206,1.41470648740229,1.76402255502765,2.30488377117028,0.866327298963169,4.27369632217856e-08,5.72542089872992e-08
0.00375443788248947,0.0298219101794754,0.0114845832230015,0.773197548780485,0.95561161833136,0,0,0,0,1.09297486886748,1.00395794987619,1.3865052592002,1.72799354567532,2.28596265110698,1.03920480343274,0,0
0.0036625969760805,0.0298216119590362,0.0111734407823278,0.772752722758017,0.954837194350404,0,0,0,0,1.11381946719184,1.00322299132866,1.35265998344228,1.68978377086224,2.2659703968383,1.20230054116135,0,0
0.00357300267817965,0.0298213137415794,0.0108707278698755,0.77232036960992,0.954085147380161,0,0,0,0,1.12869739035376,1.00250951902074,1.3192581054773,1.65202154558428,2.24495846114681,1.35073484988438,0,0
0.0034856000323412,0.0298210155271047,0.0105762161113157,0.771900139598122,0.953354830836044,0,0,0,0,1.1402860027367,1.00181690481021,1.28552629021219,1.61474048234155,2.22291332723465,1.48236710052617,0,0
0.00340033542646175,0.0298207173156121,0.010289683319479,0.77149169279117,0.952645616816556,0,0,0,0,1.14966647800077,1.00114453891836,1.2470832926266,1.57797095625217,2.1998031133437,1.5972648697126,0,0
0.00331715655989498,0.0298204191071017,0.0100109133267317,0.771094698789254,0.951956895563436,0,0,0,0,1.15739979889487,1.00049182939311,1.18560626352294,1.54174028503904,2.17558201685006,1.69691638824664,0,0
0.00323601241137089,0.0298201209015734,0.00973969582189324,0.770708836456939,0.951288074937412,0,0,0,0,1.16382736930604,0.999858201587925,0.168173821554478,1.5060728980225,2.15019473820336,1.78346887124426,0,0
0.00315685320769965,0.0298198226990271,0.00947582619157233,0.770333793663391,0.950638579909098,0,0,0,0,1.16918159605894,0.999243097655805,0.602008196006619,1.47099049556099,2.1235808225407,1.85915346339047,0,0
0.00307963039324122,0.0298195244994629,0.00921910536580126,0.769969267029896,0.950007852064605,0,0,0,0,1.17363383272857,0.998645976058216,0.72015618099735,1.43651220013124,2.09567885352598,1.92593941207375,0,0
0.00300429660012161,0.0298192263028807,0.00896933966785254,0.769614961684442,0.949395349125435,0,0,0,0,1.17731761028346,0.998066311088304,0.813583516217788,1.40265468124941,2.06643042952069,1.98538486674339,0,0
0.00293080561917785,0.0298189281092805,0.00872634066812413,0.769270591023201,0.948800544482247,0,0,0,0,1.18034087038038,0.997503592408052,0.898630178977341,1.36942844428282,2.03578384878487,2.03862233349342,0,0
0.00285911237161363,0.0298186299186622,0.00848992504198349,0.768935876478683,0.9482229267421,0,0,0,0,1.18279287741938,0.996957324598992,0.976760511724969,1.33674322496657,2.00369742977036,2.08641826720758,0,0
0.00278917288134831,0.0298183317310259,0.0082599144314627,0.768610547294402,0.947661999288768,0,0,0,0,1.18474840018796,0.996427026726025,1.04825633446982,1.30352347107705,1.97014239585737,2.12926150018978,0,0
0.00272094424804236,0.0298180335463714,0.00803613531070072,0.768294340305855,0.947117279855771,0,0,0,0,1.18627043323995,0.995912231914014,1.11313790025122,1.26366875119112,1.93510526163582,2.16745250819579,0,0
0.00265438462078258,0.0298177353646988,0.00781841885503104,0.767986999727644,0.94658830011174,0,0,0,0,1.18741211230949,0.995412486936741,1.17143113305946,0.305532873340107,1.89858966998092,2.20117940811852,0,0
0.00258945317241113,0.029817437186008,0.00760660081361606,0.767688276946566,0.946074605257756,0,0,0,0,1.18821817099671,0.994927351817889,1.22324265124362,0.305239761837932,1.86061764512413,2.23057576549485,0,0
0.00252611007448241,0.0298171390102991,0.00740052138553208,0.767397930320505,0.945575753636334,0,0,0,0,1.1887261250459,0.994456399443684,1.26876836772904,0.654462040844812,1.82123024567108,2.25576045979588,0,0
0.00246431647283265,0.0298168408375718,0.00720002509921143,0.767115724982965,0.945091316351697,0,0,0,0,1.18896728346118,0.993999215186865,1.30827835744596,0.768179636082695,1.7804876217925,2.27686225751646,0,0
0.00240403446374706,0.0298165426678264,0.00700496069515072,0.766841432653082,0.94462087690103,0,0,0,0,1.18896763798138,0.993555396541644,1.34209473216896,0.871284191374596,1.73846850122381,2.29403249545577,0,0
0.00234522707070996,0.0298162445010626,0.00681518101179685,0.766574831450963,0.944164030816382,0,0,0,0,1.18874865653417,0.993124552769341,1.37056966080356,0.968560863738211,1.69526914789968,2.30744917051279,0,0
0.0022878582217237,0.0298159463372806,0.00663054287452457,0.766315705718203,0.943720385316919,0,0,0,0,1.18832799277665,0.992706304554374,1.39406657296221,1.06029314177912,1.6510018538261,2.3173152536652,0,0
0.00223189272718234,0.0298156481764801,0.00645090698762193,0.766063845843436,0.943289558971225,0,0,0,0,1.18772011737873,0.992300283670312,1.41294561508347,1.14580684605244,1.60579303821795,2.32385346137725,0,0
0.00217729625828668,0.0298153500186613,0.006276137829202,0.765819048092776,0.942871181369358,0,0,0,0,1.18693687420197,0.991906132655688,1.42755341417994,1.22432437164558,1.55978103737969,2.32729915816538,0,0
0.00212403532598719,0.0298150518638241,0.00610610354896174,0.765581114445015,0.942464892804387,0,0,0,0,1.18598796410814,0.991523504499285,1.43821668357343,1.29523058688441,1.51311367399387,2.3278925836254,0,0
0.00207207726044211,0.0298147537119685,0.00594067586871078,0.765349852431437,0.942070343963126,0,0,0,0,1.18488135968779,0.991152062334632,1.44523896952814,1.35815064853418,1.46594569543823,2.32587121068113,0,0
0.002021390190978,0.0298144555630944,0.00577972998559507,0.765125074980129,0.941687195625806,0,0,0,0,1.18362365507742,0.990791479143423,1.44889977603542,1.41295368694906,1.4184361677922,2.32146274547407,0,0
0.00197194302654056,0.0298141574172018,0.00562314447794241,0.764906600264655,0.941315118374429,0,0,0,0,1.18222035587297,0.990441437467612,1.44945534760675,1.45972431893285,1.37074585880224,2.31487906196451,0,0
0.00192370543662357,0.0298138592742906,0.00547080121365889,0.764694251556971,0.940953792309539,0,0,0,0,1.18067611476922,0.990101629129918,1.44714048947774,1.49872089400847,1.32302524402761,2.30631121252076,0,0
0.00187664783266443,0.0298135611343609,0.00532258526110702,0.764487857084471,0.94060290677519,0,0,0,0,1.1789949188906,0.98977175496251,1.44217092836104,1.53033037192228,1.27523051851248,2.2959255562496,0,0
0.00183074134989475,0.0298132629974127,0.00517838480239835,0.764287249891034,0.94026216009185,0,0,0,0,1.17718023483088,0.989451524543617,1.43474584293549,1.55502542344328,1.22587952267903,2.28386098736009,0,0
0.00178595782963493,0.0298129648634458,0.00503809104903526,0.764092267701969,0.939931259297029,0,0,0,0,1.17523511722006,0.989140655941841,1.42505030818648,1.57332686499402,1.16727680028208,2.27022721560754,0,0
0.00174226980202183,0.0298126667324602,0.00490159815983807,0.763902752792753,0.939609919893401,0,0,0,0,1.17316228623851,0.988838875467942,1.41325749446495,1.58577291611823,1.06896201863942,2.25510404036315,0,0
0.00169965046915899,0.029812368604456,0.00476880316109582,0.763718551861439,0.939297865604198,0,0,0,0,1.17096417895457,0.988545917433884,1.39953053822737,1.59289565967861,0.30938274861457,2.23854156096312,0,0
0.00165807368867901,0.0298120704794331,0.00463960586888029,0.763539515904653,0.938994828135683,0,0,0,0,1.16864297872036,0.988261523918921,1.38402405739644,1.59520434299856,1.34046769254923,2.22056127188556,0,0
0.00161751395770799,0.0298117723573914,0.00451390881346463,0.763365500097058,0.938700546946475,0,0,0,0,1.16620062616274,0.987985444542526,1.36688532245233,1.59317470256388,1.34264953106699,2.201157996503,0,0
0.00157794639722233,0.029811474238331,0.00439161716578978,0.763196363674204,0.938414769023546,0,0,0,0,1.16363881458028,0.987717436243952,1.34825511787731,1.58724326257583,1.34075277879338,2.18030261360441,0,0
0.00153934673678806,0.0298111761222517,0.00427263866592296,0.763031969818663,0.93813724866469,0,0,0,0,1.16095897182131,0.987457263068242,1.32826834076868,1.57780549230026,1.33659702892441,2.15794552402678,0,0
0.00150169129967358,0.0298108780091537,0.0041568835534545,0.76287218554935,0.937867747267277,0,0,0,0,1.15816222997823,0.987204695958495,1.30705438742562,1.56521675794062,1.33048433317829,2.13402078962152,0,0
0.00146495698832654,0.0298105798990368,0.0040442644997802,0.762716881613958,0.937606033123106,0,0,0,0,1.15524938348424,0.986959512554205,1.28473737718495,1.54979512788852,1.32256196664022,2.10845085401379,0,0
0.00142912127020597,0.029810281791901,0.00393469654221851,0.762565932384401,0.937351881219196,0,0,0,0,1.15222083542283,0.986721496995488,1.26143625788288,1.53182525034088,1.31297328593681,2.08115172624555,0,0
0.00139416216396101,0.0298099836877463,0.00382809701991244,0.76241921575519,0.937105073044323,0,0,0,0,1.14907653102639,0.986490439733049,1.23726483068624,1.5115626929186,1.30190378385313,2.05203847764042,0,0
0.00136005822594769,0.0298096855865726,0.00372438551146818,0.762276613044661,0.936865396401155,0,0,0,0,1.14581587640088,0.986266137343685,1.21233172482773,1.48923829685113,1.28958982973263,2.02103087305493,0,0
0.0013267885370756,0.02980938748838,0.00362348377428306,0.762138008898972,0.936632645223809,0,0,0,0,1.14243763939765,0.986048392351195,1.18674034576118,1.46506224236481,1.27631024442629,1.9880589342717,0,0
0.00129433268997626,0.0298090893931683,0.00352531568551742,0.76200329119879,0.936406619400684,0,0,0,0,1.13893982815883,0.985837013052523,1.16058881388444,1.43922764159169,1.26236980243411,1.95306821948432,0,0
0.0012626707764854,0.0298087913009377,0.00342980718466558,0.761872350968596,0.93618712460241,0,0,0,0,1.13531954103933,0.985631813348979,1.13396990548391,1.41191356916698,1.24808007790363,1.91602460157548,0,0
0.00123178337543147,0.0298084932116879,0.00333688621768267,0.761745082288534,0.935973972114773,0,0,0,0,1.13157277912981,0.985432612582398,1.10697100300519,1.38328751001382,1.23374116250012,1.87691834084653,0,0
0.0012016515407228,0.0298081951254191,0.00324648268262528,0.761621382208727,0.935766978676464,0,0,0,0,1.1276942091268,0.985239235376093,1.07967405810567,1.35350725155652,1.21962643179533,1.83576727511157,0,0
0.00117225678972627,0.0298078970421311,0.00315852837676472,0.761501150666005,0.935565966321515,0,0,0,0,1.12367685927856,0.985051511480444,1.0521555680951,1.32272227745413,1.2059714634106,1.79261899013365,0,0
0.00114358109193016,0.029807598961824,0.00307295694513319,0.761384290402957,0.935370762226293,0,0,0,0,1.11951172371021,0.98486927562302,1.0244865641805,1.29107473575819,1.19296738209564,1.74755188336715,0,0
0.0011156068578844,0.0298073008844977,0.00298970383046387,0.761270706889258,0.93518119856091,0,0,0,0,1.11518723917173,0.984692367363065,0.996732608249523,1.2587000597908,1.18075832221856,1.70067508995832,0,0
0.00108831692841133,0.0298070028101522,0.00290870622448728,0.761160308245206,0.934997112344928,0,0,0,0,1.11068858073294,0.98452063095025,0.968953793598265,1.2257273181703,1.16944233935539,1.65212729747889,0,0
0.00106169456408039,0.0298067047387875,0.00282990302054714,0.761053005167394,0.934818345307237,0,0,0,0,1.10599669493239,0.984353915187549,0.941204743880959,1.19227936388485,1.15907493415619,1.6020745304377,0,0
0.00103572343494029,0.0298064066704035,0.00275323476749993,0.760948710856474,0.934644743749974,0,0,0,0,1.10108694269349,0.984192073298123,0.913534603478345,1.15847284316573,1.14967432782292,1.55070703321818,0,0
0.00101038761050234,0.0298061086050002,0.00267864362486344,0.760847340946942,0.934476158416385,0,0,0,0,1.09592714548882,0.984034962796103,0.885987011289203,1.12441811465089,1.14122770261872,1.49823541757598,0,0
0.000985671549968825,0.0298058105425775,0.00260607331918044,0.760748813438894,0.934312444362493,0,0,0,0,1.09047468827185,0.983882445361137,0.858600048467724,1.09021911901329,1.13369775122446,1.4448862661683,0,0
0.00096156009270038,0.0298055124831355,0.00253546910156457,0.760653048631696,0.934153460832485,0,0,0,0,1.08467207248974,0.98373438671662,0.831406148641241,1.05597322953975,1.12702903228165,1.39089739595476,0,0
0.000938038448916587,0.0298052144266741,0.00246677770639635,0.760559969059508,0.93399907113769,0,0,0,0,1.07843980168244,0.983590656511473,0.804431956361954,1.0217711054784,1.12115378227193,1.33651298126552,0,0
0.000915092190624029,0.0298049163731932,0.00239994731113826,0.760469499428627,0.933849142539064,0,0,0,0,1.07166441157506,0.983451128205381,0.77769811556829,0.987696562500992,1.11599697081891,1.28197796266297,0,0
0.000892707242766281,0.029804618322693,0.00233492749723851,0.760381566556577,0.933703546133062,0,0,0,0,1.0641770247464,0.98331567895739,0.751218964056659,0.953826468370901,1.11148049956109,1.22751919220632,0,0
0.00087086987459037,0.0298043202751732,0.00227166921209396,0.760296099312908,0.933562156740809,0,0,0,0,1.05571169482098,0.983184189517754,0.725002101468854,0.920230666783902,1.10752653130126,1.17325085227955,0,0
0.000849566691224446,0.0298040222306339,0.00221012473204365,0.760213028561664,0.933424852800484,0,0,0,0,1.04581522942098,0.983056544122949,0.699047785617693,0.886971928203063,1.10405999718015,1.1188636361349,8.80658886010755e-10,0
0.000828784625461464,0.0298037241890751,0.00215024762636479,0.760132287105451,0.933291516262794,0,0,0,0,1.03361935009067,0.982932630393755,0.673348092709116,0.854105923145759,1.1010103682925,1.06292323902623,1.59247775679319e-07,0
0.00080851092974387,0.0298034261504967,0.00209199272224428,0.760053809631085,0.933162032489489,0,0,0,0,1.01710635320298,0.982812339236318,0.647885747151914,0.82168121057493,1.09831279861747,1.00160564763318,3.62512520611059e-06,0
0.000788733168344339,0.0298031281148987,0.00203531607069919,0.759977532656756,0.933036290154794,0,0,0,0,9.34688247557251e-08,0.9826955647461,0.62263247921645,0.789739231549645,1.09590875273443,0.926441966735662,3.54888753690128e-05,0
0.000769439209737802,0.0298028300822811,0.0019801749134205,0.759903394480676,0.932914181149695,0,0,0,0,0,0.982582204114643,0.597546691353862,0.75831429582157,1.09374622860346,0.841075724257184,0.000200150553144338,0
0.000750617219160063,0.0298025320526438,0.00192652765051517,0.75983133513117,0.932795600488994,0,0,0,0,0,0.982472157539057,0.572570083358429,0.727433546294084,1.09177967618686,0.727345923915435,0.000774282867276422,0
0.000732255651348445,0.0298022340259868,0.00187433380912212,0.759761296318162,0.932680446221045,0,0,0,0,0,0.982365328134153,0.547622657784531,0.697116882773207,1.08996969966539,0.448406359012845,0.752312174772596,0
0.000714343243460012,0.0298019360023101,0.00182355401287845,0.759693221386024,0.932568619340097,0,0,0,0,0,0.982261621847143,0.522595108311786,0.6673768216697,1.08828261656119,1.22781866495263,0.950419438088596,0
0.000696869008163039,0.0298016379816137,0.00177414995221294,0.759627055267744,0.932460023701174,0,0,0,0,0,0.982160947374837,0.497336786235022,0.638218261442737,1.08668993269572,1.26107993387876,1.12788427414222,0
0.000679822226897456,0.0298013399638975,0.0017260843554443,0.759562744440385,0.932354565937414,0,0,0,0,0,0.982063216083261,0.471635781735167,0.609638113359295,1.08516777854552,1.2777922952992,1.2790248624082,0
0.000663192443300177,0.0298010419491615,0.00167932096066251,0.759500236881786,0.932252155379794,0,0,0,0,0,0.981968341929622,0.445183976348437,0.581624741587229,1.08369634075532,1.28789144358833,1.40441763076292,0
0.00064696945679124,0.0298007439374056,0.00163382448837185,0.759439482028484,0.932152703979174,0,0,0,0,0,0.981876241386555,0.417510919351811,0.554157132440745,1.08225931257005,1.29406766544422,1.50832170743794,0
0.000631143316316856,0.0298004459286298,0.00158956061487522,0.759380430734809,0.932056126230601,0,0,0,0,0,0.981786833368587,9.55506163821763e-08,0.527203674081342,1.08084337878069,1.2974889026332,1.59629508267557,0
0.000615704314245507,0.0298001479228342,0.00154649594637942,0.759323035233129,0.931962339099786,0,0,0,0,0,0.98170003916075,5.84210497885473e-08,0.500720365043945,1.07943774433243,1.29881230709019,1.67357946846215,0
0.000600642980413363,0.0297998499200186,0.00150459799380202,0.759267249095213,0.931871261951723,0,0,0,0,0,0.981615782349277,3.16476583885059e-08,0.474648163906212,1.0780337108256,1.29848039501017,1.74428802459652,0
0.000585950076315354,0.0297995519201831,0.00146383514826082,0.759213027194673,0.931782816481357,0,0,0,0,0,0.98153398875433,1.24592025110393e-08,0.448909007081082,1.07662430152047,1.29683021113312,1.81118219594122,0
0.000571616589438345,0.0297992539233276,0.00142417665722724,0.759160325670458,0.931696926646257,0,0,0,0,0,0.981454586364689,0,0.423399683535116,1.07520393289779,1.29413860953149,1.87578855980154,0
0.00055763372773293,0.0297989559294521,0.00138559260132588,0.759109101891378,0.931613518601246,0,0,0,0,0,0.981377505274359,0,0.397982105578624,1.07376812910001,1.29064204173816,1.93866467385303,0
0.000543992914220456,0.0297986579385565,0.00134805387176254,0.759059314421616,0.931532520634904,0,0,0,0,0,0.981302677621018,0,0.37246718675641,1.07231327447426,1.28654529512894,1.99969651525788,0
0.000530685781731974,0.0297983599506408,0.00131153214836384,0.759010922987213,0.931453863107913,0,0,0,0,0,0.981230037526273,0,0.346586606787937,1.07083639877358,1.28202535975582,2.05836737990565,0
0.000517704167775878,0.0297980619657051,0.00127599987821174,0.758963888443485,0.931377478393191,0,0,0,0,0,0.981159521037663,0,0.319939618449317,1.0693349891842,1.27723329142569,2.11397408427891,0
0.000505040109531103,0.0297977639837492,0.00124143025485693,0.758918172743362,0.931303300817737,0,0,0,0,0,0.981091066072355,0,1.50450412859328e-06,1.06780682309037,1.2722954476445,2.16578593063183,0
0.000492685838962783,0.0297974660047731,0.00120779719809535,0.758873738906609,0.931231266606179,0,0,0,0,0,0.98102461236248,0,9.50808958947694e-07,1.06624981522852,1.2673147383539,2.21315133481335,0
0.00048063377805741,0.0297971680287768,0.00117507533429261,0.758830550989914,0.931161313825935,0,0,0,0,0,0.980960101402081,0,5.32607794851081e-07,1.06466187248046,1.26237214987633,2.25556082685023,0
0.000468876534174527,0.0297968700557603,0.00114323997724152,0.75878857405781,0.931093382333965,0,0,0,0,0,0.9808974763956,0,2.17204583712661e-07,1.06304074885017,1.25752859663529,2.29267605305215,0
0.000457406895512152,0.0297965720857236,0.00111226710953812,0.75874777415442,0.931027413725069,0,0,0,0,0,0.980836682207877,0,0,1.06138389194687,1.25282705070955,2.32433391286009,0
0.000446217826683107,0.0297962741186666,0.00108213336446241,0.758708118275982,0.930963351281664,0,0,0,0,0,0.980777665315607,0,0,1.05968827024554,1.24829485249837,2.35053381720105,0
0.000435302464399567,0.0297959761545892,0.00105281600834983,0.758669574344158,0.930901139925024,0,0,0,0,0,0.980720373760217,0,0,1.05795016701724,1.24394609303666,2.37141465606379,0
0.000424654113263177,0.0297956781934915,0.00102429292344047,0.758632111180085,0.930840726167928,0,0,0,0,0,0.980664757102127,0,0,1.05616492128227,1.23978396529321,2.38722663012639,0
0.00041426624165814,0.0297953802353734,0.000996542591192824,0.758595698479149,0.930782058068665,0,0,0,0,0,0.980610766376338,0,0,1.05432658698071,1.23580299881528,2.39830176056745,0
0.00040413247774478,0.029795082280235,0.00096954407604967,0.758560306786475,0.930725085186388,0,0,0,0,0,0.980558354049323,0,0,1.05242746612287,1.23199111332209,2.40502571419496,0
0.000394246605551105,0.0297947843280761,0.000943277009643758,0.7585259074731,0.930669758537734,0,0,0,0,0,0.980507473977182,0,0,1.0504574449371,1.22833144846964,2.4078126024748,0
0.000384602561159973,0.0297944863788967,0.000917721575431385,0.758492472712815,0.930616030554722,0,0,0,0,0,0.980458081365015,0,0,1.04840301395995,1.22480394671931,2.40708364123254,0
0.00037519442898954,0.0297941884326968,0.000892858493742296,0.758459975459652,0.930563855043845,0,0,0,0,0,0.980410132727481,0,0,1.04624576261755,1.2213866828309,2.40324998242126,0
0.000366016438164679,0.0297938904894764,0.000868669007234609,0.758428389426013,0.930513187146361,0,0,0,0,0,0.980363585850521,0,0,1.04395995926033,1.21805694650066,2.3966996281674,0
0.00035706295897718,0.0297935925492354,0.000845134866743795,0.758397689061399,0.930463983299723,0,0,0,0,0,0.980318399754186,0,0,1.04150844605612,1.21479209409923,2.38778808181193,0
0.000348328499432523,0.0297932946119739,0.000822238317515048,0.758367849531744,0.930416201200126,0,0,0,0,0,0.98027453465656,0,0,1.03883519701504,1.21157019165721,2.37683225046433,0
0.000339807701881134,0.0297929966776918,0.000799962085808645,0.758338846699327,0.930369799766135,0,0,0,0,0,0.980231951938738,0,0,1.03585062463529,1.2083704746793,2.36410705953468,0
0.000331495339732044,0.029792698746389,0.000778289365868193,0.758310657103247,0.930324739103364,0,0,0,0,0,0.980190614110823,0,0,3.42872897322117e-07,1.2051736515833,2.34984424585711,0
0.000323386314246942,0.0297924008180655,0.000757203807241947,0.758283257940444,0.930280980470176,0,0,0,0,0,0.980150484778923,0,0,2.0827278044346e-07,1.20196207709252,2.33423284059983,0
0.000315475651412642,0.0297921028927213,0.000736689502447603,0.758256627047253,0.930238486244377,0,0,0,0,0,0.980111528613106,0,0,1.09785999933216e-07,1.19871982024467,2.31742091886895,0
0.000307758498890069,0.0297918049703564,0.000716730974971294,0.758230742881475,0.930197219890866,0,0,0,0,0,0.980073711316299,0,0,3.80912437030487e-08,1.1954326492327,2.29951826670513,0
0.000300230123037866,0.0297915070509708,0.000697313167591714,0.758205584504953,0.930157145930228,0,0,0,0,0,0.980036999594089,0,0,0,1.19208795239846,2.28059968878629,0
0.00029288590600882,0.0297912091345643,0.000678421431020564,0.758181131566634,0.930118229908223,0,0,0,0,0,0.980001361125415,0,0,0,1.18867461161529,2.26070874552099,0
0.000285721342917307,0.029790911221137,0.00066004151285076,0.758157364286104,0.93008043836617,0,0,0,0,0,0.979966764534109,0,0,0,1.18518284120339,2.2398617628704,0
0.000278732039076031,0.0297906133106889,0.00064215954680405,0.758134263437594,0.930043738812179,0,0,0,0,0,0.979933179361274,0,0,0,1.18160400254118,2.21805200071112,0
0.00027191370730036,0.0297903154032199,0.000624762042269941,0.758111807982963,0.930008099693211,0,0,0,0,0,0.979900576038468,0,0,0,1.1779304017283,2.1952538958992,0
0.00026526216512111,0.0297900174987299,0.000607835874128043,0.758089538031629,0.929973487427415,0,0,0,0,0,0.97986892586167,0,0,0,1.17415507503699,2.17142731555278,0
0.000258773304366712,0.0297897195972191,0.00059136827284614,0.758059527098029,0.92993931986918,0,0,0,0,0,0.979838200966011,0,0,0,1.17027156443051,2.14652176628797,0
0.000252442682658741,0.0297894216986872,0.000575346814846531,0.757969495857601,0.929895677871489,0,0,0,0,0,0.979808374301242,0,0,0,1.16627368306465,2.12048050848126,0
0.000246263722657812,0.0297891238031344,0.000559759413133367,0.757621934771915,0.929777175995918,0,0,0,0,0,0.979779419607917,0,0,0,1.16215526831281,2.09324452350102,0
0.000240223741431551,0.0297888259105605,0.000544594306918412,0.756494546673435,0.929336785090725,0,0,0,0,0,0.979751311394276,0,0,0,1.15790991731018,2.06475627858614,0
0.000234298455275535,0.0297885280209656,0.000529839843471561,0.7535006989263,0.927921030288379,0,0,0,0,0,0.979724024913799,0,0,0,1.15353069707247,2.03496323073864,0
0.000228446897400656,0.0297882301189542,0.000515481631636493,0.746710423116433,0.924168759545452,0,0,0,0,0,0.979697536143423,0,0,0,1.14900981758149,2.00382100933531,0
0.000222608902519689,0.0297879294762795,0.000501491138547443,0.732981150813506,0.91565474983783,0,0,0,0,0,0.979671821762392,0,0,0,1.14433825135534,1.97129621836876,0
0.000216706516995634,0.029787570878626,0.000487803769794924,0.707245951429535,0.898402325707156,0,0,0,0,0,0.97964685913172,0,0,0,1.13950527617917,1.93736880399329,0
0.000210649461961114,0.0297867112783892,0.000474294394537203,0.660613346634998,0.865920072699603,0,0,0,0,0,0.979622626274265,0,0,0,1.13449790766281,1.90203394155007,0
0.000204343675558053,0.0297834672505633,0.000460763333626241,0.573683605839671,0.806630806770679,0,0,0,0,0,0.979599101855378,0,0,0,1.1293001731328,1.86530340818081,0
0.00019770131033957,0.029772683650068,0.000446942235094051,0.373301129808682,0.694972342138555,0,0,0,0,0,0.979576265164124,0,0,0,1.12389215469095,1.82720642182695,0
0.000190650427439503,0.0297439572986287,0.9161491240647,1.08965873573486,0.435945225690257,0,0,0,0,0,0.979554096095038,0,0,0,1.11824869114664,1.78778994389289,0
0.757746247308679,0.029680456128541,0.946102721191347,1.10426883309082,1.09148449541402,0,0,0,0,0,0.979532575130437,0,0,0,1.11233756511416,1.74711846001731,0
0.792341470161345,0.0295592134259024,0.970366935777512,1.11221711590023,1.11268226918514,0,0,0,0,0,0.979511683323227,0,0,0,1.10611689220756,1.70527327010789,0
0.821434628817778,0.322193865871463,0.990688932576147,1.11791443059361,1.12421519093692,0,0,0,0,0,0.979491402280225,0,0,0,1.09953123274234,1.66235133399458,0
0.846434183748384,0.376335059500164,1.00797448376911,1.12240824069983,1.13248095103189,0,0,0,0,0,0.979471711267948,0,0,0,1.09250557578441,1.61846373186188,0
0.868153883983445,0.428570387573464,1.02278999544944,1.12611871019388,1.13899951113314,0,0,0,0,0,0.97945205230858,0,0,0,1.08493560556785,1.57373380837756,0
0.887124245280652,0.478614264762707,1.03553249377848,1.12925930372798,1.14438074952868,0,0,0,0,0,0.979422728702466,0,0,0,1.0766710776523,1.52829507575871,0
0.903722855610467,0.526046698169011,1.04650052511107,1.13195527272163,1.14893460710427,0,0,0,0,0,0.979319757606098,0,0,0,1.06748544415977,1.48228895378387,0
0.918236226515426,0.570470897540241,1.05592873407485,1.13428780353749,1.15284299845455,0,0,0,0,0,0.978901371112507,0,0,0,1.057015281749,1.43586242410135,0
0.93089206922275,0.61156615132807,1.06400696424794,1.13631352218881,1.15622387265591,0,0,0,0,0,0.977527880050502,0,0,0,1.04462426184448,1.3891656518186,0
0.941877489817653,0.649101591986026,1.07089190848967,1.13807418537239,1.1591595174983,0,0,0,0,0,0.973865990886879,0,0,0,1.02903991660773,1.34234540578959,0
0.95134995490979,0.682933764015417,1.07671478438801,1.13960193593668,1.16171062377317,0,0,0,0,0,0.965535928111521,0,0,0,1.00706498492221,1.29544456734614,0
0.959444306611126,0.712997385842544,1.08158669658752,1.14092235651933,1.16392391326239,0,0,0,0,0,0.948619628931023,0,0,0,4.06209832564665e-07,1.24754230634377,0
0.966277497941679,0.73929361935954,1.08560255240656,1.1420563474216,1.16583657168865,0,0,0,0,0,0.916670163609291,0,0,0,0,1.1929502374136,0
0.971951946231664,0.761877977199963,1.08884401799176,1.14302133839113,1.16747897551002,0,0,0,0,0,0.858035264606961,0,0,0,0,1.10825098359909,0
0.976558009053857,0.780848943035956,1.09138180753175,1.14383210389937,1.16887645210755,0,0,0,0,0,0.746469650247899,0,0,0,0,0.29682279693835,0
0.980175878168135,0.796337819930866,1.09327749116483,1.1445013321056,1.1700504645307,0,0,0,0,0,0.48124296924906,0,0,0,0,1.33444489849633,0
0.982877071267817,0.808500004133973,1.09458494498907,1.14504003493627,1.17101943871735,0,0,0,0,0,1.1141825932062,0,0,0,0,1.33377629117966,0
0.984725634980995,0.81750769672887,1.09535152845201,1.14545785213868,1.17179936003693,0,0,0,0,0,1.12146836393826,0,0,0,0,1.32976496478104,0
0.985779133281269,0.823543960010816,1.0956190499783,1.14576328235193,1.17240421584806,0,0,0,0,0,1.12542638725455,0,0,0,0,1.32401047438748,0
0.986089471449919,0.826797970401096,1.09542456545444,1.14596386247853,1.17284633201395,0,0,0,0,0,1.1282605166743,0,0,0,0,1.31669280684018,0
0.985703590612749,0.827461297433569,1.09480104303445,1.14606630944525,1.17313663425975,0,0,0,0,0,1.13049386625438,0,0,0,0,1.30788313684209,0
0.984664058069484,0.825725037090992,1.09377791984896,1.14607663391773,1.17328485482048,0,0,0,0,0,1.13233624457824,0,0,0,0,1.29766822786901,0
0.983009572083346,0.821777639279955,1.09238157049152,1.14600023261677,1.17329969826602,0,0,0,0,0,1.13389425628373,0,0,0,0,1.28618704388424,0
0.980775395290693,0.815803287670216,1.0906357029296,1.14584196395866,1.1731889761594,0,0,0,0,0,1.13523047231451,0,0,0,0,1.27363599922045,0
0.977993727694848,0.807980711419814,1.08856169429595,1.14560621044239,1.17295971741226,0,0,0,0,0,1.13638547103396,0,0,0,0,1.26025924195109,0
0.974694027873942,0.798482329751224,1.08617887656252,1.14529693030853,1.17261825931525,0,0,0,0,0,1.13738757287879,0,0,0,0,1.24633165728916,0
0.970903289276158,0.787473650258492,1.08350478018268,1.14491770035967,1.17217032291852,0,0,0,0,0,1.13825767510404,0,0,0,0,1.23213944544626,0
0.966646277113997,0.775112859299517,1.08055534226958,1.1444717513719,1.17162107551537,0,0,0,0,0,1.13901187243503,0,0,0,0,1.2179615817674,0
0.961945730280823,0.761550557494435,1.0773450846594,1.14396199718346,1.17097518231342,0,0,0,0,0,1.13966297908647,0,0,0,0,1.20405426503537,0
0.956822531815022,0.746929605207495,1.07388726621826,1.14339105828209,1.17023684887828,0,0,0,0,0,1.14022146449122,0,0,0,0,1.19063945201677,0
0.951295850670685,0.731385052156699,1.07019401293704,1.14276128050169,1.16940985555011,0,0,0,0,0,1.1406960571778,0,0,0,0,1.1778977741013,0
0.945383256874392,0.715044132311758,1.0662764286801,1.14207474926246,1.16849758472598,0,0,0,0,0,1.14109415132042,0,0,0,0,1.16596555367958,0
0.939100811519862,0.698026310390034,1.0621446888806,1.14133329963409,1.16750304164415,0,0,0,0,0,1.141422090848,0,0,0,0,1.15493527667915,0
0.932463132444498,0.680443369920576,1.05780811898187,1.14053852235798,1.16642886908127,0,0,0,0,0,1.14168537465018,0,0,0,0,1.14485870329067,0
0.92548343581372,0.662399535362691,1.0532752589902,1.13969176582235,1.16527735616393,0,0,0,0,0,1.14188880915784,0,0,0,0,1.13575176860716,0
0.918173553177589,0.643991622433141,1.04855391511131,1.13879413383427,1.16405044128935,0,0,0,0,0,1.14203662468934,0,0,0,0,1.12760049326593,0
0.910543922821152,0.625309211856473,1.04365119907362,1.13784647886582,1.16274970893185,0,0,0,0,0,1.14213256609511,0,0,0,0,1.12036725010497,0
0.902603553356779,0.606434842395067,1.03857355537986,1.13684939025408,1.16137637986914,0,0,0,0,0,1.14217996465663,0,0,0,0,1.11399688318098,0
0.894359956439834,0.587444219380853,1.03332677635712,1.13580317659198,1.15993129407532,0,0,0,0,0,1.14218179595394,0,0,0,0,1.10842232623821,0
0.885819044140787,0.568406435160145,1.02791600447381,1.1347078412367,1.15841488517534,0,0,0,0,0,1.14214072697517,0,0,0,0,1.103569503466,0
0.876984984754349,0.549384197944392,1.02234572093766,1.13356304945288,1.15682714490448,0,0,0,0,0,1.14205915479575,0,0,0,0,1.09936140790337,0
0.867860008491973,0.530434065573723,1.01661971905042,1.13236808515585,1.15516757542295,0,0,0,0,0,1.14193923851806,0,0,0,0,1.09572133930737,0
0.858444151327256,0.511606680666856,1.01074106013358,1.13112179445643,1.15343512653377,0,0,0,0,0,1.14178292572458,0,0,0,0,1.09257534453147,0
0.848734920853429,0.492947003553302,1.00471200899965,1.12982251213339,1.15162811374472,0,0,0,0,0,1.14159197438905,0,0,0,0,1.08985394248897,0
0.838726861770443,0.474494539250928,0.998533944849164,1.12846796561206,1.14974411155433,0,0,0,0,0,1.14136797096552,0,0,0,0,1.0874932366775,0
0.828410989613588,0.456283554539817,0.992207242012539,1.12705514875801,1.14777981409733,0,0,0,0,0,1.14111234520852,0,0,0,0,1.08543552532361,0
0.817774048078906,0.438343280854097,0.985731112965138,1.12558015439158,1.1457308519919,0,0,0,0,0,1.1408263821475,0,0,0,0,1.08362951649823,0
0.806797525363999,0.420698098211796,0.979103403276269,1.12403794921094,1.14359154929557,0,0,0,0,0,1.14051123153468,0,0,0,0,1.08203024651363,0
0.795456334253577,0.40336769464928,0.972320324231478,1.12242206660368,1.14135459690695,0,0,0,0,0,1.14016791499739,0,0,0,0,1.08059878731907,0
0.783717012205854,0.386367194506339,0.965376103200598,1.12072417954966,1.13901060684654,0,0,0,0,0,1.13979733104851,0,0,0,0,1.07930181455796,0
0.771535218893818,0.369707247249466,0.958262523466024,1.11893349364772,1.13654749259325,0,0,0,0,0,1.1394002580355,0,0,0,0,1.07811109391142,0
0.758852176295316,0.353394066065613,0.950968312626332,1.11703586191208,1.13394958850059,0,0,0,0,0,1.13897735503646,0,0,0,0,1.07700293028794,0
0.745589465629442,0.337429401804226,0.943478319241491,1.11501245368048,1.13119636565005,0,0,0,0,0,1.13852916063523,0,0,0,0,1.07595761287561,0
0.731641175142162,0.321810432352511,0.935772386568277,1.11283767856639,1.12826050100328,0,0,0,0,0,1.13805608942263,0,0,0,0,1.07495887929585,0
2.25536602817263e-08,0.306529539153751,0.927823781955719,1.11047580227189,1.1251048661783,0,0,0,0,0,1.13755842597104,0,0,0,0,1.07399341411757,0
1.6908899382564e-08,0.291573929571775,0.919596955688049,1.10787512140452,1.12167761925289,0,0,0,0,0,1.13703631590671,0,0,0,0,1.07305039069983,0
1.24601959572221e-08,2.89452526322183e-06,0.91104425459677,1.10495722321893,1.11790375716006,0,0,0,0,0,1.136489753548,0,0,0,0,1.07212106054543,0
8.96376088016905e-09,2.19403278175558e-06,0.902100944145811,1.10159532356245,1.11366954214217,0,0,0,0,0,1.13591856537246,0,0,0,0,1.07119839084013,0
6.22401917028617e-09,1.65531078458727e-06,3.13661376376293e-09,1.09756486416286,1.10879109593159,0,0,0,0,0,1.13532238829858,0,0,0,0,1.07027674839292,0
4.0844068759392e-09,1.24178100894579e-06,2.24768699758656e-09,1.09240851991788,1.1029427883492,0,0,0,0,0,1.13470064138626,0,0,0,0,1.06935162655902,0
2.4198463906775e-09,9.24930598775775e-07,1.58569708322792e-09,1.08493742318354,1.09546160769338,0,0,0,0,0,1.1340524890219,0,0,0,0,1.06841941071789,0
1.1306126231938e-09,6.82587507753121e-07,1.09404847340764e-09,2.80028243228698e-09,1.08462461315052,0,0,0,0,0,1.13337679288086,0,0,0,0,1.06747717731931,0
1.37347299406155e-10,4.97550613501013e-07,7.30017793641853e-10,0,3.91799613679024e-09,0,0,0,0,0,1.13267204882566,0,0,0,0,1.06652252124912,0
0,3.56505255819746e-07,4.61417826626395e-10,0,0,0,0,0,0,0,1.13193630319799,0,0,0,0,1.06555340617479,0
0,2.49167483794602e-07,2.64045966943596e-10,0,0,0,0,0,0,0,1.13116704035589,0,0,0,0,1.06456803249499,0
0,1.67610843320115e-07,1.19737609647092e-10,0,0,0,0,0,0,0,1.13036102920621,0,0,0,0,1.06356471743054,0
0,1.05738313831405e-07,1.48846589110246e-11,0,0,0,0,0,0,0,1.12951410984925,0,0,0,0,1.06254178154298,0
0,5.88692554077596e-08,0,0,0,0,0,0,0,0,1.1286208903742,0,0,0,0,1.06149743541544,0
0,2.34171808588042e-08,0,0,0,0,0,0,0,0,1.12767430466261,0,0,0,0,1.06042965918806,0
0,0,0,0,0,0,0,0,0,0,1.12666494742293,0,0,0,0,1.05933606581521,0
0,0,0,0,0,0,0,0,0,0,1.12558003700302,0,0,0,0,1.05821373582407,0
0,0,0,0,0,0,0,0,0,0,1.12440172451351,0,0,0,0,1.05705900617154,0
0,0,0,0,0,0,0,0,0,0,1.12310418302157,0,0,0,0,1.05586718701563,0
0,0,0,0,0,0,0,0,0,0,1.12164824002347,0,0,0,0,1.05463216500753,0
0,0,0,0,0,0,0,0,0,0,1.119970549967,0,0,0,0,1.05334582449006,0
0,0,0,0,0,0,0,0,0,0,1.11795889613168,0,0,0,0,1.05199716716965,0
0,0,0,0,0,0,0,0,0,0,1.11538468553625,0,0,0,0,1.050570910845,1.72786266056659e-09
0,0,0,0,0,0,0,0,0,0,1.11165343309719,0,0,0,0,1.04904513795735,3.06703449090919e-07
0,0,0,0,0,0,0,0,0,0,2.14488566463182e-09,0,0,0,0,1.04738708774411,6.1368465942054e-06
0,0,0,0,0,0,0,0,0,0,0,0,0,0,0,1.04554498557966,5.21526443650361e-05
0,0,0,0,0,0,0,0,0,0,0,0,0,0,0,3.26322279043561e-07,0.000266354557579466
0,0,0,0,0,0,0,0,0,0,0,0,0,0,0,2.00996864257788e-07,0.000965168671927948
0,0,0,0,0,0,0,0,0,0,0,0,0,0,0,1.09377913011285e-07,0.715805057188288
0,0,0,0,0,0,0,0,0,0,0,0,0,0,0,4.27369632217849e-08,0.913415754200989
0,0,0,0,0,0,0,0,0,0,0,0,0,0,0,0,1.09415071253788
0,0,0,0,0,0,0,0,0,0,0,0,0,0,0,0,1.25086945051374
0,0,0,0,0,0,0,0,0,0,0,0,0,0,0,0,1.38276862209503
0,0,0,0,0,0,0,0,0,0,0,0,0,0,0,0,1.49317397494756
0,0,0,0,0,0,0,0,0,0,0,0,0,0,0,0,1.58718944556246
0,0,0,0,0,0,0,0,0,0,0,0,0,0,0,0,1.66994923367596
0,0,0,0,0,0,0,0,0,0,0,0,0,0,0,0,1.74564571515388
0,0,0,0,0,0,0,0,0,0,0,0,0,0,0,0,1.81718551848563
0,0,0,0,0,0,0,0,0,0,0,0,0,0,0,0,1.88623674811081
0,0,0,0,0,0,0,0,0,0,0,0,0,0,0,0,1.95346452491987
0,0,0,0,0,0,0,0,0,0,0,0,0,0,0,0,2.01882147628876
0,0,0,0,0,0,0,0,0,0,0,0,0,0,0,0,2.08182088688835
0,0,0,0,0,0,0,0,0,0,0,0,0,0,0,0,2.14176113365527
0,0,0,0,0,0,0,0,0,0,0,0,0,0,0,0,2.19789328967789
0,0,0,0,0,0,0,0,0,0,0,0,0,0,0,0,2.24953533364103
0,0,0,0,0,0,0,0,0,0,0,0,0,0,0,0,2.29614124981723
0,0,0,0,0,0,0,0,0,0,0,0,0,0,0,0,2.33733465880743
0,0,0,0,0,0,0,0,0,0,0,0,0,0,0,0,2.37291627528113
0,0,0,0,0,0,0,0,0,0,0,0,0,0,0,0,2.40285337837848
0,0,0,0,0,0,0,0,0,0,0,0,0,0,0,0,2.42725807814037
0,0,0,0,0,0,0,0,0,0,0,0,0,0,0,0,2.44635971493453
0,0,0,0,0,0,0,0,0,0,0,0,0,0,0,0,2.46047537255564
0,0,0,0,0,0,0,0,0,0,0,0,0,0,0,0,2.46998129209757
0,0,0,0,0,0,0,0,0,0,0,0,0,0,0,0,2.47528697724509
0,0,0,0,0,0,0,0,0,0,0,0,0,0,0,0,2.47681299068939
0,0,0,0,0,0,0,0,0,0,0,0,0,0,0,0,2.47497284632168
0,0,0,0,0,0,0,0,0,0,0,0,0,0,0,0,2.47015898149213
0,0,0,0,0,0,0,0,0,0,0,0,0,0,0,0,2.46273252041702
0,0,0,0,0,0,0,0,0,0,0,0,0,0,0,0,2.4530163841215
0,0,0,0,0,0,0,0,0,0,0,0,0,0,0,0,2.44129123534721
0,0,0,0,0,0,0,0,0,0,0,0,0,0,0,0,2.42779374270085
0,0,0,0,0,0,0,0,0,0,0,0,0,0,0,0,2.41271668492356
0,0,0,0,0,0,0,0,0,0,0,0,0,0,0,0,2.39621047573088
0,0,0,0,0,0,0,0,0,0,0,0,0,0,0,0,2.37838575858578
0,0,0,0,0,0,0,0,0,0,0,0,0,0,0,0,2.35931678919447
0,0,0,0,0,0,0,0,0,0,0,0,0,0,0,0,2.33904538492324
0,0,0,0,0,0,0,0,0,0,0,0,0,0,0,0,2.31758527093796
0,0,0,0,0,0,0,0,0,0,0,0,0,0,0,0,2.29492669109374
0,0,0,0,0,0,0,0,0,0,0,0,0,0,0,0,2.27104117759374
0,0,0,0,0,0,0,0,0,0,0,0,0,0,0,0,2.2458863885998
0,0,0,0,0,0,0,0,0,0,0,0,0,0,0,0,2.21941092956639
0,0,0,0,0,0,0,0,0,0,0,0,0,0,0,0,2.19155907480679
0,0,0,0,0,0,0,0,0,0,0,0,0,0,0,0,2.16227530354154
0,0,0,0,0,0,0,0,0,0,0,0,0,0,0,0,2.13150856211181
0,0,0,0,0,0,0,0,0,0,0,0,0,0,0,0,2.09921616344432
0,0,0,0,0,0,0,0,0,0,0,0,0,0,0,0,2.06536723792244
0,0,0,0,0,0,0,0,0,0,0,0,0,0,0,0,2.02994565755079
0,0,0,0,0,0,0,0,0,0,0,0,0,0,0,0,1.99295236797902
0,0,0,0,0,0,0,0,0,0,0,0,0,0,0,0,1.95440708018621
0,0,0,0,0,0,0,0,0,0,0,0,0,0,0,0,1.91434929446964
0,0,0,0,0,0,0,0,0,0,0,0,0,0,0,0,1.87283865247929
0,0,0,0,0,0,0,0,0,0,0,0,0,0,0,0,1.82995463681893
0,0,0,0,0,0,0,0,0,0,0,0,0,0,0,0,1.78579566058862
0,0,0,0,0,0,0,0,0,0,0,0,0,0,0,0,1.74047760969506
0,0,0,0,0,0,0,0,0,0,0,0,0,0,0,0,1.69413191759329
0,0,0,0,0,0,0,0,0,0,0,0,0,0,0,0,1.64690326448851
0,0,0,0,0,0,0,0,0,0,0,0,0,0,0,0,1.59894700045791
0,0,0,0,0,0,0,0,0,0,0,0,0,0,0,0,1.55042639438171
0,0,0,0,0,0,0,0,0,0,0,0,0,0,0,0,1.50150980828671
0,0,0,0,0,0,0,0,0,0,0,0,0,0,0,0,1.45236789027683
0,0,0,0,0,0,0,0,0,0,0,0,0,0,0,0,1.4031708694322
0,0,0,0,0,0,0,0,0,0,0,0,0,0,0,0,1.35408597315539
0,0,0,0,0,0,0,0,0,0,0,0,0,0,0,0,1.3052649075441
0,0,0,0,0,0,0,0,0,0,0,0,0,0,0,0,1.25664458216286
0,0,0,0,0,0,0,0,0,0,0,0,0,0,0,0,1.20656518553359
0,0,0,0,0,0,0,0,0,0,0,0,0,0,0,0,1.14636034455732
0,0,0,0,0,0,0,0,0,0,0,0,0,0,0,0,0.374791717721057
0,0,0,0,0,0,0,0,0,0,0,0,0,0,0,0,0.366285611724094
0,0,0,0,0,0,0,0,0,0,0,0,0,0,0,0,1.38846990588144
0,0,0,0,0,0,0,0,0,0,0,0,0,0,0,0,1.39657086701103
0,0,0,0,0,0,0,0,0,0,0,0,0,0,0,0,1.39911733412101
0,0,0,0,0,0,0,0,0,0,0,0,0,0,0,0,1.39813926710352
0,0,0,0,0,0,0,0,0,0,0,0,0,0,0,0,1.3942414405383
0,0,0,0,0,0,0,0,0,0,0,0,0,0,0,0,1.38771347258304
0,0,0,0,0,0,0,0,0,0,0,0,0,0,0,0,1.37879068246512
0,0,0,0,0,0,0,0,0,0,0,0,0,0,0,0,1.36773621585748
0,0,0,0,0,0,0,0,0,0,0,0,0,0,0,0,1.35486322303265
0,0,0,0,0,0,0,0,0,0,0,0,0,0,0,0,1.3405307166294
0,0,0,0,0,0,0,0,0,0,0,0,0,0,0,0,1.32512701066689
0,0,0,0,0,0,0,0,0,0,0,0,0,0,0,0,1.30904840707468
0,0,0,0,0,0,0,0,0,0,0,0,0,0,0,0,1.29267793845894
0,0,0,0,0,0,0,0,0,0,0,0,0,0,0,0,1.27636713490478
0,0,0,0,0,0,0,0,0,0,0,0,0,0,0,0,1.26042239324906
0,0,0,0,0,0,0,0,0,0,0,0,0,0,0,0,1.24509646991329
0,0,0,0,0,0,0,0,0,0,0,0,0,0,0,0,1.23058486585415
0,0,0,0,0,0,0,0,0,0,0,0,0,0,0,0,1.21702639741241
0,0,0,0,0,0,0,0,0,0,0,0,0,0,0,0,1.20450700672328
0,0,0,0,0,0,0,0,0,0,0,0,0,0,0,0,1.19306580600854
0,0,0,0,0,0,0,0,0,0,0,0,0,0,0,0,1.18270241586463
0,0,0,0,0,0,0,0,0,0,0,0,0,0,0,0,1.17338479837095
0,0,0,0,0,0,0,0,0,0,0,0,0,0,0,0,1.1650569607528
0,0,0,0,0,0,0,0,0,0,0,0,0,0,0,0,1.15764608458386
0,0,0,0,0,0,0,0,0,0,0,0,0,0,0,0,1.15106879954709
0,0,0,0,0,0,0,0,0,0,0,0,0,0,0,0,1.14523645871069
0,0,0,0,0,0,0,0,0,0,0,0,0,0,0,0,1.14005937986047
0,0,0,0,0,0,0,0,0,0,0,0,0,0,0,0,1.13545009499847
0,0,0,0,0,0,0,0,0,0,0,0,0,0,0,0,1.13132570082776
0,0,0,0,0,0,0,0,0,0,0,0,0,0,0,0,1.12760943148843
0,0,0,0,0,0,0,0,0,0,0,0,0,0,0,0,1.12423158601056
0,0,0,0,0,0,0,0,0,0,0,0,0,0,0,0,1.12112994169996
0,0,0,0,0,0,0,0,0,0,0,0,0,0,0,0,1.11824977516294
0,0,0,0,0,0,0,0,0,0,0,0,0,0,0,0,1.11554359832483
0,0,0,0,0,0,0,0,0,0,0,0,0,0,0,0,1.11297070022374
0,0,0,0,0,0,0,0,0,0,0,0,0,0,0,0,1.11049656844968
0,0,0,0,0,0,0,0,0,0,0,0,0,0,0,0,1.10809224810329
0,0,0,0,0,0,0,0,0,0,0,0,0,0,0,0,1.10573368181777
0,0,0,0,0,0,0,0,0,0,0,0,0,0,0,0,1.10340106208798
0,0,0,0,0,0,0,0,0,0,0,0,0,0,0,0,1.10107821697572
0,0,0,0,0,0,0,0,0,0,0,0,0,0,0,0,1.09875204212045
0,0,0,0,0,0,0,0,0,0,0,0,0,0,0,0,1.09641198568018
0,0,0,0,0,0,0,0,0,0,0,0,0,0,0,0,1.09404958810151
0,0,0,0,0,0,0,0,0,0,0,0,0,0,0,0,1.09165807519346
0,0,0,0,0,0,0,0,0,0,0,0,0,0,0,0,1.08923200058414
0,0,0,0,0,0,0,0,0,0,0,0,0,0,0,0,1.08676693201844
0,0,0,0,0,0,0,0,0,0,0,0,0,0,0,0,1.08425917487589
0,0,0,0,0,0,0,0,0,0,0,0,0,0,0,0,1.08170552554265
0,0,0,0,0,0,0,0,0,0,0,0,0,0,0,0,1.07910304666465
0,0,0,0,0,0,0,0,0,0,0,0,0,0,0,0,1.07644885565068
0,0,0,0,0,0,0,0,0,0,0,0,0,0,0,0,1.07373991687635
0,0,0,0,0,0,0,0,0,0,0,0,0,0,0,0,1.07097282661176
0,0,0,0,0,0,0,0,0,0,0,0,0,0,0,0,1.06814357740926
0,0,0,0,0,0,0,0,0,0,0,0,0,0,0,0,1.0652472850269
0,0,0,0,0,0,0,0,0,0,0,0,0,0,0,0,1.06227785509685
0,0,0,0,0,0,0,0,0,0,0,0,0,0,0,0,1.05922755728383
0,0,0,0,0,0,0,0,0,0,0,0,0,0,0,0,1.05608645917791
0,0,0,0,0,0,0,0,0,0,0,0,0,0,0,0,1.05284164619744
0,0,0,0,0,0,0,0,0,0,0,0,0,0,0,0,1.04947610894074
0,0,0,0,0,0,0,0,0,0,0,0,0,0,0,0,1.04596709905947
0,0,0,0,0,0,0,0,0,0,0,0,0,0,0,0,1.0422836039734
0,0,0,0,0,0,0,0,0,0,0,0,0,0,0,0,1.03838229199733
0,0,0,0,0,0,0,0,0,0,0,0,0,0,0,0,1.03420064649758
0,0,0,0,0,0,0,0,0,0,0,0,0,0,0,0,1.02964455098264
0,0,0,0,0,0,0,0,0,0,0,0,0,0,0,0,1.02456386232462
0,0,0,0,0,0,0,0,0,0,0,0,0,0,0,0,4.82525202714326e-07
0,0,0,0,0,0,0,0,0,0,0,0,0,0,0,0,2.9472550699789e-07
0,0,0,0,0,0,0,0,0,0,0,0,0,0,0,0,1.5681494819121e-07
0,0,0,0,0,0,0,0,0,0,0,0,0,0,0,0,5.60152437057816e-08
0,0,0,0,0,0,0,0,0,0,0,0,0,0,0,0,0
0,0,0,0,0,0,0,0,0,0,0,0,0,0,0,0,0
0,0,0,0,0,0,0,0,0,0,0,0,0,0,0,0,0
0,0,0,0,0,0,0,0,0,0,0,0,0,0,0,0,0
0,0,0,0,0,0,0,0,0,0,0,0,0,0,0,0,0
0,0,0,0,0,0,0,0,0,0,0,0,0,0,0,0,0
0,0,0,0,0,0,0,0,0,0,0,0,0,0,0,0,0
0,0,0,0,0,0,0,0,0,0,0,0,0,0,0,0,0
0,0,0,0,0,0,0,0,0,0,0,0,0,0,0,0,0
0,0,0,0,0,0,0,0,0,0,0,0,0,0,0,0,0
0,0,0,0,0,0,0,0,0,0,0,0,0,0,0,0,0
0,0,0,0,0,0,0,0,0,0,0,0,0,0,0,0,0
0,0,0,0,0,0,0,0,0,0,0,0,0,0,0,0,0
0,0,0,0,0,0,0,0,0,0,0,0,0,0,0,0,0
0,0,0,0,0,0,0,0,0,0,0,0,0,0,0,0,0
0,0,0,0,0,0,0,0,0,0,0,0,0,0,0,0,0
0,0,0,0,0,0,0,0,0,0,0,0,0,0,0,0,0
0,0,0,0,0,0,0,0,0,0,0,0,0,0,0,0,0
0,0,0,0,0,0,0,0,0,0,0,0,0,0,0,0,0
0,0,0,0,0,0,0,0,0,0,0,0,0,0,0,0,0
0,0,0,0,0,0,0,0,0,0,0,0,0,0,0,0,0
0,0,0,0,0,0,0,0,0,0,0,0,0,0,0,0,0
0,0,0,0,0,0,0,0,0,0,0,0,0,0,0,0,0
0,0,0,0,0,0,0,0,0,0,0,0,0,0,0,0,0
0,0,0,0,0,0,0,0,0,0,0,0,0,0,0,0,0
0,0,0,0,0,0,0,0,0,0,0,0,0,0,0,0,0
0,0,0,0,0,0,0,0,0,0,0,0,0,0,0,0,0
0,0,0,0,0,0,0,0,0,0,0,0,0,0,0,0,0
0,0,0,0,0,0,0,0,0,0,0,0,0,0,0,0,0
0,0,0,0,0,0,0,0,0,0,0,0,0,0,0,0,0
0,0,0,0,0,0,0,0,0,0,0,0,0,0,0,0,0
0,0,0,0,0,0,0,0,0,0,0,0,0,0,0,0,0
0,0,0,0,0,0,0,0,0,0,0,0,0,0,0,0,0
0,0,0,0,0,0,0,0,0,0,0,0,0,0,0,0,0
0,0,0,0,0,0,0,0,0,0,0,0,0,0,0,0,0
0,0,0,0,0,0,0,0,0,0,0,0,0,0,0,0,0
0,0,0,0,0,0,0,0,0,0,0,0,0,0,0,0,0
0,0,0,0,0,0,0,0,0,0,0,0,0,0,0,0,0
0,0,0,0,0,0,0,0,0,0,0,0,0,0,0,0,0
0,0,0,0,0,0,0,0,0,0,0,0,0,0,0,0,0
0,0,0,0,0,0,0,0,0,0,0,0,0,0,0,0,0
0,0,0,0,0,0,0,0,0,0,0,0,0,0,0,0,0
0,0,0,0,0,0,0,0,0,0,0,0,0,0,0,0,0
0,0,0,0,0,0,0,0,0,0,0,0,0,0,0,0,0
0,0,0,0,0,0,0,0,0,0,0,0,0,0,0,0,0
0,0,0,0,0,0,0,0,0,0,0,0,0,0,0,0,0
0,0,0,0,0,0,0,0,0,0,0,0,0,0,0,0,0
0,0,0,0,0,0,0,0,0,0,0,0,0,0,0,0,0
0,0,0,0,0,0,0,0,0,0,0,0,0,0,0,0,0
0,0,0,0,0,0,0,0,0,0,0,0,0,0,0,0,0
0,0,0,0,0,0,0,0,0,0,0,0,0,0,0,0,0
0,0,0,0,0,0,0,0,0,0,0,0,0,0,0,0,0
0,0,0,0,0,0,0,0,0,0,0,0,0,0,0,0,0
0,0,0,0,0,0,0,0,0,0,0,0,0,0,0,0,0
0,0,0,0,0,0,0,0,0,0,0,0,0,0,0,0,0
0,0,0,0,0,0,0,0,0,0,0,0,0,0,0,0,0
0,0,0,0,0,0,0,0,0,0,0,0,0,0,0,0,0
0,0,0,0,0,0,0,0,0,0,0,0,0,0,0,0,0
0,0,0,0,0,0,0,0,0,0,0,0,0,0,0,0,0
0,0,0,0,0,0,0,0,0,0,0,0,0,0,0,0,0
0,0,0,0,0,0,0,0,0,0,0,0,0,0,0,0,0
0,0,0,0,0,0,0,0,0,0,0,0,0,0,0,0,0
0,0,0,0,0,0,0,0,0,0,0,0,0,0,0,0,0
0,0,0,0,0,0,0,0,0,0,0,0,0,0,0,0,0
0,0,0,0,0,0,0,0,0,0,0,0,0,0,0,0,0
0,0,0,0,0,0,0,0,0,0,0,0,0,0,0,0,0
0,0,0,0,0,0,0,0,0,0,0,0,0,0,0,0,0
0,0,0,0,0,0,0,0,0,0,0,0,0,0,0,0,0
0,0,0,0,0,0,0,0,0,0,0,0,0,0,0,0,0
0,0,0,0,0,0,0,0,0,0,0,0,0,0,0,0,0
0,0,0,0,0,0,0,0,0,0,0,0,0,0,0,0,0
0,0,0,0,0,0,0,0,0,0,0,0,0,0,0,0,0
0,0,0,0,0,0,0,0,0,0,0,0,0,0,0,0,0
0,0,0,0,0,0,0,0,0,0,0,0,0,0,0,0,0
0,0,0,0,0,0,0,0,0,0,0,0,0,0,0,0,0
0,0,0,0,0,0,0,0,0,0,0,0,0,0,0,0,0
0,0,0,0,0,0,0,0,0,0,0,0,0,0,0,0,0
0,0,0,0,0,0,0,0,0,0,0,0,0,0,0,0,0
0,0,0,0,0,0,0,0,0,0,0,0,0,0,0,0,0
0,0,0,0,0,0,0,0,0,0,0,0,0,0,0,0,0
0,0,0,0,0,0,0,0,0,0,0,0,0,0,0,0,0
0,0,0,0,0,0,0,0,0,0,0,0,0,0,0,0,0
0,0,0,0,0,0,0,0,0,0,0,0,0,0,0,0,0
0,0,0,0,0,0,0,0,0,0,0,0,0,0,0,0,0
0,0,0,0,0,0,0,0,0,0,0,0,0,0,0,0,0
0,0,0,0,0,0,0,0,0,0,0,0,0,0,0,0,0
0,0,0,0,0,0,0,0,0,0,0,0,0,0,0,0,0
0,0,0,0,0,0,0,0,0,0,0,0,0,0,0,0,0
0,0,0,0,0,0,0,0,0,0,0,0,0,0,0,0,0
0,0,0,0,0,0,0,0,0,0,0,0,0,0,0,0,0
0,0,0,0,0,0,0,0,0,0,0,0,0,0,0,0,0
0,0,0,0,0,0,0,0,0,0,0,0,0,0,0,0,0
0,0,0,0,0,0,0,0,0,0,0,0,0,0,0,0,0
0,0,0,0,0,0,0,0,0,0,0,0,0,0,0,0,0
0,0,0,0,0,0,0,0,0,0,0,0,0,0,0,0,0
0,0,0,0,0,0,0,0,0,0,0,0,0,0,0,0,0
0,0,0,0,0,0,0,0,0,0,0,0,0,0,0,0,0
0,0,0,0,0,0,0,0,0,0,0,0,0,0,0,0,0
0,0,0,0,0,0,0,0,0,0,0,0,0,0,0,0,0
0,0,0,0,0,0,0,0,0,0,0,0,0,0,0,0,0
0,0,0,0,0,0,0,0,0,0,0,0,0,0,0,0,0
0,0,0,0,0,0,0,0,0,0,0,0,0,0,0,0,0
